date,open,high,low,close,volume
2015-01-02,32050.0,32500.0,31500.0,32000.0,79320
2015-01-05,31650.0,32500.0,31400.0,31650.0,77189
2015-01-06,31000.0,31550.0,30450.0,30750.0,97347
2015-01-07,30750.0,30950.0,29950.0,30450.0,76492
2015-01-08,30150.0,30500.0,29150.0,29150.0,152316
2015-01-09,29550.0,29900.0,29300.0,29450.0,78543
2015-01-12,29150.0,29750.0,29100.0,29450.0,55908
2015-01-13,29450.0,29700.0,29200.0,29450.0,43594
2015-01-14,29450.0,29750.0,29300.0,29600.0,56543
2015-01-15,29500.0,29650.0,28700.0,29300.0,70745
2015-01-16,29000.0,29200.0,27450.0,27950.0,193485
2015-01-19,28200.0,28200.0,27400.0,27650.0,69883
2015-01-20,27950.0,27950.0,27600.0,27900.0,48327
2015-01-21,27650.0,28350.0,27650.0,27950.0,48584
2015-01-22,28500.0,29400.0,28500.0,28900.0,159831
2015-01-23,29150.0,29750.0,28600.0,28850.0,91498
2015-01-26,28600.0,30250.0,28600.0,29850.0,78509
2015-01-27,30150.0,31100.0,29600.0,30200.0,111210
2015-01-28,30200.0,31150.0,30100.0,30350.0,85383
2015-01-29,30150.0,30800.0,29800.0,30400.0,69888
2015-01-30,30450.0,30850.0,30200.0,30600.0,72516
2015-02-02,30300.0,30650.0,29650.0,30150.0,72511
2015-02-03,30000.0,30600.0,29550.0,29950.0,58520
2015-02-04,29950.0,30500.0,29350.0,29800.0,87401
2015-02-05,29650.0,32200.0,29650.0,31450.0,130096
2015-02-06,31100.0,31350.0,30300.0,30450.0,61589
2015-02-09,30900.0,31150.0,30500.0,30950.0,50151
2015-02-10,30950.0,31850.0,30700.0,31450.0,88911
2015-02-11,31800.0,32000.0,31250.0,31700.0,46337
2015-02-12,32000.0,32200.0,31600.0,32200.0,46985
2015-02-13,32100.0,32450.0,31550.0,31800.0,55956
2015-02-16,32000.0,32300.0,31400.0,31850.0,39500
2015-02-17,32000.0,32200.0,31200.0,31450.0,45135
2015-02-23,31800.0,31800.0,30950.0,31100.0,55894
2015-02-24,30900.0,32900.0,30850.0,32650.0,60959
2015-02-25,32900.0,32900.0,31400.0,31700.0,81737
2015-02-26,31700.0,31900.0,31000.0,31150.0,80422
2015-02-27,31000.0,31350.0,30800.0,31250.0,53466
2015-03-02,31100.0,31200.0,30000.0,30150.0,70569
2015-03-03,30150.0,30450.0,29900.0,30050.0,45660
2015-03-04,30050.0,30300.0,29550.0,29700.0,52526
2015-03-05,29650.0,30100.0,29400.0,29600.0,184790
2015-03-06,30050.0,30100.0,29400.0,29700.0,57211
2015-03-09,30400.0,31900.0,30350.0,30900.0,179707
2015-03-10,30600.0,31500.0,30500.0,31450.0,74523
2015-03-11,31450.0,31450.0,29600.0,30400.0,138095
2015-03-12,30500.0,30950.0,30000.0,30000.0,74152
2015-03-13,30350.0,31100.0,30250.0,30600.0,57936
2015-03-16,30600.0,32450.0,30150.0,32150.0,94969
2015-03-17,32400.0,32550.0,31700.0,32200.0,69261
2015-03-18,32000.0,32650.0,32000.0,32050.0,56793
2015-03-19,32050.0,32250.0,31650.0,32100.0,67579
2015-03-20,31950.0,32250.0,30750.0,31150.0,95855
2015-03-23,31000.0,32700.0,30850.0,32150.0,59394
2015-03-24,31850.0,32200.0,31250.0,31550.0,49312
2015-03-25,31600.0,32000.0,31350.0,31500.0,25003
2015-03-26,31700.0,31700.0,31100.0,31250.0,26845
2015-03-27,31250.0,32350.0,31050.0,32250.0,61853
2015-03-30,32250.0,33850.0,32050.0,33500.0,122396
2015-03-31,33500.0,33500.0,32450.0,32850.0,103256
2015-04-01,32350.0,32800.0,31500.0,32550.0,137602
2015-04-02,32450.0,33700.0,32100.0,33450.0,99322
2015-04-03,33950.0,33950.0,32800.0,33750.0,81216
2015-04-06,33550.0,34450.0,32850.0,34050.0,97640
2015-04-07,34050.0,34050.0,33550.0,34000.0,84547
2015-04-08,34000.0,35150.0,33550.0,34900.0,111799
2015-04-09,34450.0,34700.0,33700.0,34250.0,109256
2015-04-10,34100.0,34400.0,33150.0,33800.0,95555
2015-04-13,34200.0,34300.0,33200.0,33750.0,92446
2015-04-14,33800.0,34250.0,33300.0,33900.0,73179
2015-04-15,33900.0,36450.0,33650.0,35200.0,183956
2015-04-16,35850.0,35850.0,33750.0,34050.0,73466
2015-04-17,34150.0,35300.0,34000.0,35050.0,87958
2015-04-20,34950.0,35000.0,33800.0,34500.0,95266
2015-04-21,34500.0,34650.0,32950.0,33400.0,133974
2015-04-22,33400.0,34900.0,32450.0,33200.0,213757
2015-04-23,35150.0,35350.0,33000.0,34650.0,327408
2015-04-24,34200.0,35200.0,33750.0,34750.0,122278
2015-04-27,34300.0,35150.0,34100.0,35150.0,105811
2015-04-28,35350.0,35450.0,34700.0,35450.0,81796
2015-04-29,35450.0,36350.0,34850.0,36050.0,124658
2015-04-30,36050.0,36100.0,35000.0,35300.0,82616
2015-05-04,35000.0,35600.0,34600.0,35300.0,63622
2015-05-06,34700.0,35300.0,34050.0,34500.0,43568
2015-05-07,34300.0,34950.0,33650.0,34600.0,76771
2015-05-08,34600.0,35950.0,34000.0,35900.0,87722
2015-05-11,35850.0,37500.0,35550.0,37400.0,152684
2015-05-12,37400.0,38550.0,36800.0,37400.0,125285
2015-05-13,37400.0,38750.0,37300.0,38650.0,109545
2015-05-14,38300.0,39400.0,37500.0,38850.0,131642
2015-05-15,38500.0,39650.0,38300.0,38900.0,103816
2015-05-18,39900.0,39900.0,38000.0,38850.0,160645
2015-05-19,38500.0,39200.0,37650.0,38350.0,76488
2015-05-20,38100.0,40500.0,37900.0,39000.0,112461
2015-05-21,38750.0,39750.0,38450.0,39100.0,91422
2015-05-22,38950.0,40250.0,38900.0,39850.0,78894
2015-05-26,39850.0,40250.0,39050.0,39100.0,75591
2015-05-27,38650.0,39100.0,37350.0,38000.0,117595
2015-05-28,37800.0,38700.0,36850.0,37500.0,130160
2015-05-29,37150.0,38200.0,37050.0,37550.0,70927
2015-06-01,37450.0,37450.0,35400.0,37150.0,92594
2015-06-02,36400.0,37250.0,35150.0,35500.0,100517
2015-06-03,35850.0,36850.0,35600.0,36600.0,113434
2015-06-04,36600.0,37550.0,35900.0,36400.0,102727
2015-06-05,36400.0,38050.0,36050.0,37950.0,94649
2015-06-08,37400.0,38100.0,36900.0,37300.0,88460
2015-06-09,38100.0,38100.0,36950.0,37500.0,95032
2015-06-10,37450.0,37600.0,35700.0,36050.0,113632
2015-06-11,36500.0,37150.0,35800.0,36400.0,91821
2015-06-12,36600.0,37450.0,36300.0,36800.0,74108
2015-06-15,36400.0,37200.0,34700.0,35150.0,141813
2015-06-16,35150.0,35500.0,34150.0,34700.0,108124
2015-06-17,35100.0,36200.0,34500.0,35650.0,58275
2015-06-18,36700.0,36700.0,34850.0,35450.0,73027
2015-06-19,35450.0,35500.0,34000.0,34250.0,78472
2015-06-22,34250.0,36500.0,34150.0,35750.0,75499
2015-06-23,35650.0,36850.0,35000.0,36400.0,108851
2015-06-24,36150.0,37250.0,35950.0,36650.0,52489
2015-06-25,36650.0,37500.0,36350.0,36950.0,83524
2015-06-26,37400.0,37400.0,36300.0,36400.0,45152
2015-06-29,35300.0,36400.0,35050.0,35500.0,54741
2015-06-30,35100.0,36150.0,34200.0,35700.0,97363
2015-07-01,35350.0,36600.0,35350.0,36000.0,50808
2015-07-02,35850.0,36350.0,35250.0,35300.0,41764
2015-07-03,35350.0,35850.0,35100.0,35400.0,48736
2015-07-06,35100.0,35300.0,33700.0,33850.0,78961
2015-07-07,33850.0,34400.0,33300.0,34300.0,64015
2015-07-08,34850.0,34850.0,33450.0,34150.0,66209
2015-07-09,33600.0,34300.0,33250.0,34300.0,50405
2015-07-10,34300.0,36050.0,34100.0,35600.0,83617
2015-07-13,35600.0,37250.0,35600.0,36600.0,73622
2015-07-14,36300.0,37100.0,36000.0,36500.0,38061
2015-07-15,37100.0,37600.0,36650.0,37250.0,60500
2015-07-16,37300.0,37700.0,37000.0,37400.0,67341
2015-07-17,37700.0,37700.0,36450.0,37300.0,45792
2015-07-20,37600.0,37700.0,36250.0,36550.0,48341
2015-07-21,36450.0,37800.0,36250.0,37500.0,43371
2015-07-22,37300.0,37300.0,36400.0,37100.0,63616
2015-07-23,36850.0,38300.0,36700.0,37750.0,111736
2015-07-24,38400.0,39050.0,36900.0,37350.0,127137
2015-07-27,37100.0,37250.0,36150.0,36650.0,62762
2015-07-28,36650.0,37400.0,36200.0,36400.0,58231
2015-07-29,36750.0,37400.0,35900.0,36200.0,61346
2015-07-30,36200.0,37050.0,36200.0,37000.0,53045
2015-07-31,37050.0,39800.0,37050.0,39750.0,202284
2015-08-03,40400.0,41050.0,39150.0,39450.0,156860
2015-08-04,40100.0,41350.0,39750.0,40900.0,135436
2015-08-05,40500.0,41400.0,39400.0,39950.0,107108
2015-08-06,39750.0,40250.0,38800.0,39950.0,80155
2015-08-07,39700.0,41300.0,39250.0,40550.0,98516
2015-08-10,40550.0,41800.0,39350.0,40800.0,73277
2015-08-11,40400.0,41350.0,40000.0,40500.0,53296
2015-08-12,40500.0,40800.0,38600.0,40250.0,66770
2015-08-13,39900.0,40600.0,39000.0,40400.0,61260
2015-08-17,40800.0,41850.0,38850.0,39450.0,94335
2015-08-18,39500.0,40100.0,37650.0,39850.0,141981
2015-08-19,40150.0,40150.0,37850.0,38300.0,105425
2015-08-20,38450.0,39150.0,38200.0,38500.0,60104
2015-08-21,37000.0,37800.0,36300.0,37100.0,110020
2015-08-24,37300.0,37300.0,34350.0,35000.0,99498
2015-08-25,35250.0,35400.0,34400.0,34750.0,185695
2015-08-26,35200.0,35800.0,35000.0,35500.0,84887
2015-08-27,36200.0,39450.0,35900.0,38300.0,185363
2015-08-28,38350.0,39450.0,37600.0,38750.0,165147
2015-08-31,39000.0,40150.0,38550.0,39100.0,108769
2015-09-01,39100.0,40000.0,38750.0,39100.0,64547
2015-09-02,38600.0,39300.0,38000.0,38250.0,50269
2015-09-03,38500.0,40000.0,38400.0,39750.0,91535
2015-09-04,39500.0,39750.0,38500.0,38950.0,105856
2015-09-07,39100.0,41000.0,38150.0,39400.0,88943
2015-09-08,39950.0,40500.0,38700.0,39050.0,67252
2015-09-09,40700.0,42600.0,39500.0,41800.0,233518
2015-09-10,41800.0,41800.0,40500.0,41750.0,136658
2015-09-11,41050.0,41500.0,40250.0,40750.0,99529
2015-09-14,40500.0,40750.0,39500.0,39750.0,58225
2015-09-15,39650.0,40400.0,38950.0,39950.0,83526
2015-09-16,40000.0,40400.0,38950.0,39450.0,88046
2015-09-17,40100.0,40100.0,38500.0,39400.0,108868
2015-09-18,39200.0,40250.0,39000.0,39550.0,83647
2015-09-21,39550.0,40350.0,38850.0,39400.0,76079
2015-09-22,39500.0,40200.0,38850.0,39750.0,115558
2015-09-23,39350.0,40300.0,39050.0,39250.0,90284
2015-09-24,39300.0,40000.0,39100.0,39650.0,78971
2015-09-25,39950.0,39950.0,38500.0,39150.0,76048
2015-09-30,38500.0,39250.0,38150.0,39150.0,52088
2015-10-01,39200.0,41400.0,39200.0,41200.0,117399
2015-10-02,41400.0,42500.0,41100.0,41450.0,136480
2015-10-05,41800.0,42750.0,41100.0,42200.0,66651
2015-10-06,42650.0,42900.0,41500.0,41700.0,75657
2015-10-07,41000.0,41600.0,40450.0,40950.0,47391
2015-10-08,40700.0,42050.0,40400.0,42050.0,62301
2015-10-12,42150.0,43150.0,40750.0,42050.0,181070
2015-10-13,41550.0,41950.0,39750.0,40300.0,92967
2015-10-14,40500.0,40550.0,39600.0,40050.0,53116
2015-10-15,39600.0,40500.0,38950.0,39300.0,76346
2015-10-16,39300.0,39800.0,38450.0,38450.0,118401
2015-10-19,38600.0,40500.0,38600.0,39800.0,89451
2015-10-20,39800.0,40250.0,39650.0,40200.0,38211
2015-10-21,39800.0,40200.0,38750.0,39250.0,71734
2015-10-22,38800.0,39450.0,38700.0,39350.0,57394
2015-10-23,39850.0,39850.0,38700.0,39200.0,51357
2015-10-26,39200.0,39500.0,38600.0,39000.0,47742
2015-10-27,39200.0,39750.0,38800.0,39550.0,40546
2015-10-28,39550.0,40750.0,39550.0,40700.0,62708
2015-10-29,40250.0,40700.0,39350.0,40000.0,49087
2015-10-30,40000.0,40000.0,38550.0,38850.0,55825
2015-11-02,38500.0,38800.0,38350.0,38700.0,35780
2015-11-03,38700.0,39250.0,38250.0,39100.0,65663
2015-11-04,38700.0,39000.0,38450.0,38700.0,53296
2015-11-05,38700.0,38700.0,37550.0,37600.0,78815
2015-11-06,37050.0,37950.0,36200.0,37550.0,93936
2015-11-09,37600.0,37650.0,36400.0,36900.0,60772
2015-11-10,36300.0,36800.0,34150.0,35400.0,180266
2015-11-11,34750.0,35450.0,34350.0,34950.0,100716
2015-11-12,35350.0,37350.0,35200.0,37050.0,89856
2015-11-13,36500.0,36850.0,35250.0,36150.0,105691
2015-11-16,35450.0,36500.0,34900.0,36200.0,71774
2015-11-17,36900.0,39350.0,36850.0,39200.0,211396
2015-11-18,38450.0,39500.0,38050.0,38800.0,107450
2015-11-19,39350.0,39900.0,38850.0,39150.0,70867
2015-11-20,39250.0,39300.0,38600.0,38900.0,43341
2015-11-23,38450.0,39200.0,38000.0,39150.0,96427
2015-11-24,38950.0,39450.0,38150.0,38350.0,57546
2015-11-25,38550.0,38550.0,36800.0,37800.0,149090
2015-11-26,37550.0,38000.0,36850.0,37450.0,103701
2015-11-27,37800.0,37900.0,36900.0,37750.0,137979
2015-11-30,37200.0,37950.0,37000.0,37150.0,83139
2015-12-01,37650.0,38350.0,37600.0,37900.0,100368
2015-12-02,38050.0,38800.0,37850.0,38600.0,104750
2015-12-03,38300.0,38650.0,37700.0,38200.0,78039
2015-12-04,38150.0,39000.0,37750.0,38300.0,72088
2015-12-07,38350.0,38800.0,38200.0,38200.0,70018
2015-12-08,38200.0,38500.0,37100.0,38000.0,56948
2015-12-09,38000.0,38000.0,37150.0,37350.0,46644
2015-12-10,37400.0,38200.0,37050.0,38000.0,74264
2015-12-11,37600.0,38450.0,37600.0,38350.0,52845
2015-12-14,38000.0,38400.0,37250.0,37500.0,63047
2015-12-15,37700.0,38200.0,37000.0,38000.0,60083
2015-12-16,38000.0,39300.0,38000.0,38700.0,85860
2015-12-17,38950.0,39050.0,38300.0,38900.0,73719
2015-12-18,38400.0,39500.0,38350.0,39100.0,64395
2015-12-21,38700.0,39100.0,38600.0,38700.0,24189
2015-12-22,38600.0,39100.0,38500.0,39000.0,28085
2015-12-23,39000.0,40950.0,38600.0,40100.0,102061
2015-12-24,39900.0,41500.0,39000.0,40800.0,73616
2015-12-28,40600.0,41400.0,40550.0,40700.0,56076
2015-12-29,40200.0,40900.0,39500.0,40500.0,67669
2015-12-30,40500.0,41500.0,40100.0,40600.0,60380
2016-01-04,40000.0,40550.0,38600.0,38800.0,65864
2016-01-05,38550.0,38950.0,37900.0,38650.0,99750
2016-01-06,38650.0,39950.0,38200.0,39650.0,65343
2016-01-07,39450.0,40300.0,39450.0,39850.0,56006
2016-01-08,39800.0,40400.0,38700.0,39950.0,53174
2016-01-11,39750.0,39950.0,39150.0,39350.0,53722
2016-01-12,39250.0,39800.0,38500.0,39000.0,52079
2016-01-13,39000.0,40500.0,39000.0,39350.0,51720
2016-01-14,38950.0,39150.0,37900.0,39150.0,50238
2016-01-15,39650.0,39650.0,38200.0,38800.0,41360
2016-01-18,38800.0,39550.0,38600.0,39000.0,31933
2016-01-19,39000.0,39500.0,38050.0,38200.0,54892
2016-01-20,38200.0,38450.0,36350.0,37500.0,62548
2016-01-21,37500.0,37800.0,36900.0,37400.0,45449
2016-01-22,37500.0,38500.0,37250.0,38350.0,34794
2016-01-25,38550.0,39050.0,38000.0,38400.0,41302
2016-01-26,38350.0,38950.0,38100.0,38450.0,25196
2016-01-27,38450.0,40300.0,38300.0,40000.0,97159
2016-01-28,39400.0,40000.0,39150.0,39200.0,56610
2016-01-29,39200.0,41050.0,39200.0,40600.0,87897
2016-02-01,40600.0,41700.0,40050.0,40500.0,72200
2016-02-02,40200.0,41500.0,40200.0,40500.0,32639
2016-02-03,40500.0,41200.0,39550.0,39850.0,46766
2016-02-04,39850.0,40400.0,39750.0,39900.0,40524
2016-02-05,40400.0,42850.0,40150.0,41050.0,152897
2016-02-11,40300.0,41400.0,40000.0,40500.0,73567
2016-02-12,40050.0,40600.0,38750.0,39500.0,67602
2016-02-15,39300.0,39550.0,38250.0,38500.0,106781
2016-02-16,38850.0,39800.0,38700.0,39800.0,50012
2016-02-17,39450.0,40250.0,39150.0,40100.0,59616
2016-02-18,40500.0,42000.0,40500.0,41450.0,86322
2016-02-19,41350.0,42050.0,40650.0,41000.0,58648
2016-02-22,41450.0,41750.0,40600.0,41000.0,24345
2016-02-23,40800.0,41150.0,40250.0,40800.0,28545
2016-02-24,40800.0,40800.0,39400.0,39700.0,47593
2016-02-25,39700.0,39950.0,39200.0,39650.0,51052
2016-02-26,39750.0,39950.0,39250.0,39700.0,35262
2016-02-29,39550.0,40850.0,39550.0,40400.0,72321
2016-03-02,40550.0,40750.0,39150.0,39250.0,70386
2016-03-03,39350.0,39400.0,38550.0,39100.0,65563
2016-03-04,38900.0,39050.0,38350.0,38800.0,78688
2016-03-07,38800.0,38800.0,37700.0,37950.0,96543
2016-03-08,37900.0,38700.0,37700.0,38600.0,84191
2016-03-09,38450.0,38750.0,38200.0,38650.0,23280
2016-03-10,38800.0,39700.0,38100.0,39550.0,100153
2016-03-11,39550.0,39550.0,38900.0,39100.0,38119
2016-03-14,39100.0,39100.0,37900.0,38350.0,87146
2016-03-15,38350.0,39300.0,38200.0,39000.0,71654
2016-03-16,39050.0,39500.0,38700.0,39300.0,43412
2016-03-17,39300.0,39300.0,38650.0,39050.0,78465
2016-03-18,38950.0,39050.0,38050.0,38150.0,93719
2016-03-21,38250.0,38500.0,37900.0,38150.0,68214
2016-03-22,38400.0,40200.0,38150.0,40100.0,142153
2016-03-23,40200.0,40600.0,39800.0,40050.0,70009
2016-03-24,39800.0,40550.0,39800.0,40000.0,48837
2016-03-25,39900.0,41050.0,39700.0,40000.0,72658
2016-03-28,40000.0,41000.0,39900.0,40350.0,43079
2016-03-29,40350.0,40700.0,40000.0,40400.0,75539
2016-03-30,40300.0,40700.0,40050.0,40400.0,34146
2016-03-31,40400.0,40950.0,39500.0,40150.0,90812
2016-04-01,40150.0,40150.0,38800.0,39100.0,117488
2016-04-04,39100.0,39500.0,38800.0,39100.0,58466
2016-04-05,39000.0,39250.0,38300.0,38900.0,69956
2016-04-06,38900.0,40100.0,38600.0,39650.0,102023
2016-04-07,39550.0,40200.0,39200.0,39500.0,56996
2016-04-08,39200.0,40050.0,38750.0,40000.0,62190
2016-04-11,39600.0,40250.0,39300.0,39900.0,57705
2016-04-12,39850.0,40400.0,39700.0,40100.0,69439
2016-04-14,40000.0,40350.0,39800.0,40300.0,57646
2016-04-15,40700.0,40900.0,39800.0,39850.0,71067
2016-04-18,39750.0,39800.0,39150.0,39500.0,62940
2016-04-19,39850.0,40350.0,38950.0,39100.0,97168
2016-04-20,39050.0,39950.0,38950.0,39750.0,70834
2016-04-21,39900.0,40600.0,39700.0,40350.0,58207
2016-04-22,40100.0,40950.0,40000.0,40350.0,58906
2016-04-25,40000.0,42100.0,40000.0,42000.0,100550
2016-04-26,42000.0,42650.0,41500.0,42050.0,55540
2016-04-27,41800.0,42150.0,41200.0,41350.0,58600
2016-04-28,41350.0,42250.0,41200.0,42000.0,60382
2016-04-29,42150.0,44800.0,41650.0,44350.0,171102
2016-05-02,44400.0,44850.0,42650.0,43050.0,129811
2016-05-03,43150.0,43300.0,42400.0,42950.0,74345
2016-05-04,42650.0,43550.0,42250.0,42650.0,71772
2016-05-09,42800.0,42800.0,42000.0,42750.0,61468
2016-05-10,42750.0,43500.0,42450.0,42850.0,84292
2016-05-11,42650.0,42950.0,42000.0,42700.0,94941
2016-05-12,42300.0,42750.0,41700.0,42100.0,80622
2016-05-13,41950.0,42500.0,41800.0,42150.0,55807
2016-05-16,41800.0,43150.0,41800.0,42600.0,61046
2016-05-17,42400.0,42500.0,41450.0,42200.0,71332
2016-05-18,41700.0,42100.0,41050.0,41350.0,70835
2016-05-19,41050.0,41850.0,40950.0,41800.0,63389
2016-05-20,41800.0,41800.0,40500.0,40950.0,61634
2016-05-23,40650.0,41100.0,40250.0,40550.0,68419
2016-05-24,40450.0,41600.0,40400.0,41100.0,80616
2016-05-25,41100.0,41500.0,40500.0,41100.0,70865
2016-05-26,41200.0,41200.0,40450.0,40650.0,70877
2016-05-27,40700.0,41200.0,40550.0,41050.0,30724
2016-05-30,41050.0,41250.0,39900.0,40800.0,79681
2016-05-31,40450.0,41150.0,39900.0,40800.0,112362
2016-06-01,40600.0,40950.0,40100.0,40800.0,62591
2016-06-02,40300.0,40700.0,39900.0,40500.0,96972
2016-06-03,40600.0,40850.0,40500.0,40850.0,46610
2016-06-07,41150.0,41400.0,40600.0,41300.0,52877
2016-06-08,41000.0,41450.0,40550.0,41350.0,65462
2016-06-09,41400.0,42100.0,40800.0,41850.0,96624
2016-06-10,41850.0,41900.0,41300.0,41450.0,60549
2016-06-13,41200.0,42150.0,40500.0,41100.0,41095
2016-06-14,41100.0,41100.0,40100.0,40350.0,69196
2016-06-15,40900.0,41750.0,40500.0,41400.0,141676
2016-06-16,41300.0,41400.0,40750.0,41250.0,85824
2016-06-17,41700.0,41700.0,40050.0,40150.0,64686
2016-06-20,40600.0,41000.0,39950.0,41000.0,90929
2016-06-21,41000.0,41300.0,40600.0,41050.0,87840
2016-06-22,41050.0,41500.0,40550.0,41450.0,75350
2016-06-23,41450.0,41450.0,40600.0,40850.0,36674
2016-06-24,40650.0,40850.0,38500.0,39200.0,100670
2016-06-27,39200.0,39900.0,38550.0,39650.0,70605
2016-06-28,38950.0,39250.0,38550.0,39000.0,68817
2016-06-29,39050.0,39400.0,38650.0,39150.0,106637
2016-06-30,39200.0,39400.0,38800.0,39300.0,67091
2016-07-01,39050.0,39550.0,38850.0,39250.0,80790
2016-07-04,39000.0,39400.0,38700.0,38950.0,76959
2016-07-05,39000.0,39050.0,38300.0,38400.0,103956
2016-07-06,38600.0,39000.0,38500.0,38750.0,55039
2016-07-07,39050.0,39150.0,38700.0,39100.0,44721
2016-07-08,39150.0,39200.0,38000.0,38850.0,77597
2016-07-11,39000.0,39300.0,38450.0,38600.0,52494
2016-07-12,38600.0,38900.0,38500.0,38600.0,48475
2016-07-13,38850.0,39400.0,38700.0,38800.0,91146
2016-07-14,38950.0,39350.0,38750.0,39000.0,76414
2016-07-15,39400.0,39950.0,39000.0,39600.0,108478
2016-07-18,39400.0,39400.0,38900.0,39050.0,62301
2016-07-19,39050.0,39250.0,38650.0,39000.0,38624
2016-07-20,39000.0,39650.0,38600.0,39350.0,51618
2016-07-21,39800.0,40950.0,39500.0,40700.0,120322
2016-07-22,40750.0,41150.0,39850.0,39850.0,71730
2016-07-25,40000.0,40200.0,39050.0,39150.0,54054
2016-07-26,39150.0,39550.0,38900.0,39350.0,48725
2016-07-27,39500.0,39900.0,39050.0,39600.0,48602
2016-07-28,39200.0,39900.0,38750.0,38900.0,68141
2016-07-29,38900.0,39500.0,38250.0,38950.0,82216
2016-08-01,38950.0,39000.0,38400.0,39000.0,70930
2016-08-02,38750.0,39200.0,38500.0,38900.0,44418
2016-08-03,38550.0,39200.0,38550.0,38700.0,59756
2016-08-04,38800.0,39050.0,38350.0,38950.0,42423
2016-08-05,38600.0,39400.0,38600.0,38750.0,68913
2016-08-08,38750.0,39350.0,38750.0,38800.0,29770
2016-08-09,39200.0,39800.0,39000.0,39700.0,44391
2016-08-10,39500.0,39700.0,38850.0,39150.0,65334
2016-08-11,39000.0,40000.0,38750.0,40000.0,56152
2016-08-12,40000.0,40050.0,39250.0,39500.0,57112
2016-08-16,39550.0,41100.0,39500.0,40450.0,117498
2016-08-17,40500.0,41450.0,40400.0,40800.0,76966
2016-08-18,40800.0,41000.0,39450.0,39600.0,105705
2016-08-19,39550.0,39600.0,38700.0,39500.0,80459
2016-08-22,39250.0,39250.0,38650.0,39000.0,58880
2016-08-23,39000.0,39100.0,38750.0,39000.0,44331
2016-08-24,38650.0,39350.0,38650.0,39050.0,30608
2016-08-25,39050.0,39350.0,38650.0,38900.0,68263
2016-08-26,38750.0,39750.0,38600.0,39600.0,56653
2016-08-29,39500.0,39600.0,38700.0,38800.0,43212
2016-08-30,38900.0,39200.0,38600.0,38850.0,43223
2016-08-31,38750.0,38950.0,37750.0,38150.0,69814
2016-09-01,38050.0,38650.0,37950.0,38450.0,37846
2016-09-02,38450.0,38450.0,38000.0,38150.0,31081
2016-09-05,38200.0,38850.0,38100.0,38800.0,47907
2016-09-06,38800.0,38850.0,38250.0,38650.0,29148
2016-09-07,38400.0,38600.0,38000.0,38200.0,38225
2016-09-08,38050.0,38200.0,37700.0,38000.0,37385
2016-09-09,37700.0,37900.0,36900.0,37700.0,52153
2016-09-12,37600.0,37800.0,36950.0,37250.0,61560
2016-09-13,37200.0,37350.0,36750.0,37350.0,54936
2016-09-19,36700.0,37400.0,36400.0,37300.0,70953
2016-09-20,38500.0,39450.0,38100.0,39000.0,169904
2016-09-21,39600.0,39650.0,38600.0,38900.0,81082
2016-09-22,39300.0,39300.0,38750.0,39000.0,38203
2016-09-23,39300.0,40350.0,39250.0,40050.0,106641
2016-09-26,40400.0,40750.0,39600.0,39850.0,71721
2016-09-27,40400.0,40500.0,39650.0,40500.0,44011
2016-09-28,40650.0,40700.0,39800.0,40000.0,41999
2016-09-29,40000.0,40550.0,39500.0,40400.0,59863
2016-09-30,40000.0,40650.0,39650.0,40600.0,50089
2016-10-04,40200.0,41650.0,40200.0,40900.0,75537
2016-10-05,40900.0,41750.0,40800.0,41550.0,76019
2016-10-06,41250.0,41500.0,40950.0,41400.0,40380
2016-10-07,41000.0,41850.0,41000.0,41300.0,34644
2016-10-10,41950.0,41950.0,41200.0,41750.0,41447
2016-10-11,42000.0,42100.0,41300.0,41950.0,32610
2016-10-12,41950.0,42500.0,41550.0,42350.0,39686
2016-10-13,42000.0,42100.0,41300.0,41300.0,60513
2016-10-14,41350.0,42450.0,41350.0,42000.0,46128
2016-10-17,42450.0,42450.0,40900.0,41300.0,35781
2016-10-18,41000.0,42000.0,40300.0,41200.0,59295
2016-10-19,41200.0,41600.0,40600.0,41400.0,42935
2016-10-20,41400.0,41950.0,41100.0,41950.0,30402
2016-10-21,42100.0,42150.0,41750.0,41900.0,51463
2016-10-24,41900.0,42300.0,41500.0,41900.0,42803
2016-10-25,41900.0,42250.0,41150.0,41450.0,33043
2016-10-26,41300.0,41600.0,40600.0,41450.0,29733
2016-10-27,41450.0,42150.0,40950.0,41600.0,28217
2016-10-28,42050.0,42050.0,40300.0,40550.0,56011
2016-10-31,40300.0,41100.0,40100.0,40600.0,40400
2016-11-01,40600.0,40700.0,39450.0,39600.0,40506
2016-11-02,39800.0,40000.0,38600.0,38800.0,46670
2016-11-03,39000.0,40000.0,38550.0,39400.0,57895
2016-11-04,39700.0,39950.0,39150.0,39750.0,33499
2016-11-07,40300.0,40350.0,39600.0,39700.0,30875
2016-11-08,39750.0,40500.0,39250.0,40350.0,32057
2016-11-09,40350.0,40750.0,38800.0,40300.0,86462
2016-11-10,40000.0,40700.0,38700.0,39500.0,105328
2016-11-11,39500.0,40000.0,38950.0,40000.0,51996
2016-11-14,40050.0,40400.0,39050.0,39450.0,56902
2016-11-15,39750.0,39750.0,38650.0,39200.0,49232
2016-11-16,39050.0,40400.0,38900.0,39450.0,83693
2016-11-17,39550.0,39900.0,39050.0,39450.0,35189
2016-11-18,39550.0,39550.0,39000.0,39300.0,39552
2016-11-21,39450.0,39450.0,38650.0,39100.0,31090
2016-11-22,38950.0,39150.0,38100.0,38350.0,48271
2016-11-23,38300.0,38800.0,38100.0,38350.0,54978
2016-11-24,38450.0,38600.0,37600.0,38250.0,24550
2016-11-25,38250.0,38250.0,36950.0,37050.0,76521
2016-11-28,37250.0,38100.0,36900.0,37050.0,58583
2016-11-29,37000.0,37500.0,36850.0,37050.0,37683
2016-11-30,37300.0,37300.0,36350.0,36900.0,55287
2016-12-01,36550.0,37000.0,36100.0,36750.0,46110
2016-12-02,36550.0,37000.0,36500.0,37000.0,32723
2016-12-05,37000.0,37100.0,35850.0,36150.0,59931
2016-12-06,35850.0,36800.0,35700.0,36000.0,64553
2016-12-07,36300.0,36950.0,35400.0,36800.0,68701
2016-12-08,36900.0,37600.0,36250.0,37600.0,69617
2016-12-09,37550.0,37800.0,34600.0,36950.0,323744
2016-12-12,36500.0,37600.0,36000.0,36300.0,73745
2016-12-13,36300.0,36600.0,36300.0,36400.0,49628
2016-12-14,36400.0,36650.0,36150.0,36450.0,52302
2016-12-15,36050.0,36400.0,35650.0,35850.0,57974
2016-12-16,35650.0,36400.0,35050.0,36300.0,88889
2016-12-19,36200.0,36450.0,35550.0,35900.0,49717
2016-12-20,35900.0,36350.0,35800.0,36050.0,42200
2016-12-21,35900.0,36200.0,35250.0,35400.0,47651
2016-12-22,35350.0,35500.0,34550.0,35200.0,81699
2016-12-23,35300.0,35350.0,34950.0,35200.0,18844
2016-12-26,35000.0,35200.0,34500.0,34950.0,41984
2016-12-27,34950.0,35150.0,34800.0,35000.0,26096
2016-12-28,34550.0,34900.0,34550.0,34800.0,24219
2016-12-29,34850.0,34900.0,34550.0,34850.0,42004
2017-01-02,34850.0,35050.0,34150.0,34250.0,41398
2017-01-03,34250.0,34350.0,32850.0,33150.0,102330
2017-01-04,33250.0,33300.0,32400.0,32450.0,132971
2017-01-05,32500.0,33150.0,32350.0,32950.0,109717
2017-01-06,33000.0,33750.0,32800.0,33600.0,54462
2017-01-09,33650.0,33800.0,33000.0,33050.0,30527
2017-01-10,33000.0,33400.0,32700.0,33250.0,42489
2017-01-11,33000.0,33400.0,32900.0,33000.0,39841
2017-01-12,33000.0,33700.0,33000.0,33700.0,56781
2017-01-13,33650.0,33650.0,33150.0,33350.0,25345
2017-01-16,33450.0,33750.0,33000.0,33600.0,41494
2017-01-17,33600.0,34150.0,33550.0,33850.0,37479
2017-01-18,33600.0,34350.0,33600.0,33600.0,31043
2017-01-19,33550.0,33900.0,32600.0,32650.0,50369
2017-01-20,33000.0,33450.0,32650.0,33450.0,49550
2017-01-23,33300.0,33550.0,32700.0,32800.0,39923
2017-01-24,32750.0,33200.0,32700.0,33050.0,23981
2017-01-25,33250.0,33300.0,32450.0,32700.0,27880
2017-01-26,32700.0,32950.0,31900.0,32000.0,44859
2017-01-31,31800.0,32150.0,30900.0,31100.0,72204
2017-02-01,31100.0,32500.0,31100.0,32350.0,53747
2017-02-02,32350.0,32450.0,31400.0,31800.0,55194
2017-02-03,32100.0,32100.0,31000.0,31350.0,54868
2017-02-06,31900.0,32000.0,31450.0,31650.0,29744
2017-02-07,31900.0,32700.0,31700.0,32400.0,42584
2017-02-08,32250.0,33000.0,32100.0,32600.0,51099
2017-02-09,32650.0,32850.0,31650.0,31650.0,77859
2017-02-10,31500.0,31750.0,28900.0,29050.0,351904
2017-02-13,29300.0,30000.0,29100.0,29900.0,146850
2017-02-14,29800.0,29950.0,29300.0,29400.0,69303
2017-02-15,29450.0,30100.0,29450.0,30050.0,90566
2017-02-16,30150.0,30300.0,29800.0,29900.0,43877
2017-02-17,29900.0,30350.0,29700.0,30150.0,35613
2017-02-20,30100.0,30350.0,29800.0,29850.0,38855
2017-02-21,29850.0,30250.0,29850.0,30150.0,32065
2017-02-22,30050.0,30400.0,29850.0,30100.0,43196
2017-02-23,30050.0,30150.0,29800.0,29800.0,41852
2017-02-24,30000.0,30900.0,30000.0,30800.0,69805
2017-02-27,30900.0,31300.0,30450.0,30600.0,47737
2017-02-28,30800.0,30800.0,30100.0,30200.0,38539
2017-03-02,30700.0,30750.0,29400.0,29950.0,78687
2017-03-03,29700.0,30100.0,29500.0,29700.0,57812
2017-03-06,29500.0,29700.0,28250.0,28550.0,154200
2017-03-07,28700.0,28750.0,28350.0,28500.0,88638
2017-03-08,28400.0,28450.0,27450.0,27550.0,166165
2017-03-09,27550.0,27950.0,27250.0,27450.0,132673
2017-03-10,27650.0,27650.0,26800.0,27400.0,120766
2017-03-13,27300.0,27600.0,26950.0,26950.0,106246
2017-03-14,27000.0,27200.0,26650.0,26750.0,99094
2017-03-15,26750.0,26850.0,26400.0,26450.0,59362
2017-03-16,26600.0,26950.0,26050.0,26200.0,120030
2017-03-17,26200.0,27350.0,26200.0,27100.0,161184
2017-03-20,27150.0,27350.0,26300.0,26700.0,79979
2017-03-21,26550.0,27000.0,26150.0,26600.0,90800
2017-03-22,26600.0,26950.0,26300.0,26850.0,75455
2017-03-23,26850.0,27300.0,26750.0,27050.0,74743
2017-03-24,27100.0,27750.0,27050.0,27600.0,114959
2017-03-27,27550.0,27700.0,27200.0,27650.0,59553
2017-03-28,27800.0,27800.0,27150.0,27450.0,73340
2017-03-29,27450.0,27900.0,26750.0,27650.0,93610
2017-03-30,27200.0,28700.0,27200.0,28150.0,213849
2017-03-31,28200.0,28450.0,27850.0,28350.0,169046
2017-04-03,28350.0,29600.0,28200.0,29250.0,187953
2017-04-04,29300.0,29650.0,28750.0,29150.0,111506
2017-04-05,29200.0,29200.0,28300.0,28400.0,140743
2017-04-06,28300.0,29100.0,28300.0,28550.0,81107
2017-04-07,28800.0,29850.0,28800.0,29650.0,138871
2017-04-10,29600.0,29600.0,28800.0,28800.0,72070
2017-04-11,28900.0,29250.0,28250.0,28350.0,64803
2017-04-12,28600.0,29200.0,28450.0,28950.0,105402
2017-04-13,29000.0,29750.0,28950.0,29750.0,124285
2017-04-14,29400.0,29700.0,29150.0,29400.0,78568
2017-04-17,29550.0,29700.0,28850.0,28950.0,74951
2017-04-18,29150.0,30500.0,29150.0,30350.0,183558
2017-04-19,30300.0,30950.0,29950.0,30800.0,146089
2017-04-20,30700.0,31450.0,30250.0,31250.0,260334
2017-04-21,31250.0,31400.0,30500.0,31250.0,155016
2017-04-24,31400.0,31550.0,30600.0,30900.0,159038
2017-04-25,30900.0,31650.0,30900.0,31100.0,167117
2017-04-26,31000.0,31550.0,30800.0,31250.0,122066
2017-04-27,31100.0,31650.0,30200.0,31600.0,182332
2017-04-28,32150.0,32150.0,31250.0,31350.0,89490
2017-05-02,31400.0,31550.0,30850.0,30850.0,75934
2017-05-04,30650.0,31950.0,30650.0,31700.0,79940
2017-05-08,31600.0,32450.0,31450.0,32250.0,102005
2017-05-10,32100.0,33000.0,31850.0,32050.0,97855
2017-05-11,32050.0,32300.0,30600.0,32100.0,262391
2017-05-12,32000.0,32950.0,31700.0,32800.0,150520
2017-05-15,32800.0,32950.0,32300.0,32900.0,80322
2017-05-16,32650.0,32950.0,32200.0,32800.0,76588
2017-05-17,32500.0,32500.0,31550.0,31700.0,132767
2017-05-18,31450.0,32200.0,31350.0,32000.0,62252
2017-05-19,31800.0,32400.0,31650.0,31800.0,75552
2017-05-22,32150.0,32150.0,31300.0,31750.0,72380
2017-05-23,31800.0,32500.0,31300.0,32450.0,118244
2017-05-24,32400.0,32900.0,32150.0,32700.0,60985
2017-05-25,32500.0,33300.0,32500.0,33300.0,72278
2017-05-26,33200.0,33700.0,33000.0,33550.0,67065
2017-05-29,33600.0,33850.0,33350.0,33350.0,48096
2017-05-30,33450.0,34000.0,32950.0,33700.0,82818
2017-05-31,33950.0,35600.0,33600.0,35500.0,160327
2017-06-01,35150.0,35650.0,34850.0,35250.0,72695
2017-06-02,35700.0,35700.0,35250.0,35550.0,60326
2017-06-05,35550.0,35900.0,34800.0,35200.0,67284
2017-06-07,35000.0,35750.0,34500.0,34950.0,89826
2017-06-08,35000.0,35800.0,34950.0,35650.0,110120
2017-06-09,35650.0,35650.0,34100.0,34100.0,123883
2017-06-12,34200.0,34450.0,33750.0,34100.0,50778
2017-06-13,34100.0,34350.0,33800.0,34000.0,52974
2017-06-14,33800.0,34200.0,32850.0,32850.0,97113
2017-06-15,32900.0,33400.0,32800.0,32850.0,71771
2017-06-16,33300.0,34000.0,32900.0,33500.0,63699
2017-06-19,33200.0,34400.0,32950.0,33900.0,55336
2017-06-20,33800.0,33900.0,33000.0,33200.0,59108
2017-06-21,33700.0,34000.0,33050.0,33350.0,61740
2017-06-22,33200.0,33500.0,32300.0,32400.0,95093
2017-06-23,32400.0,32950.0,32150.0,32250.0,81741
2017-06-26,32300.0,32500.0,31800.0,31950.0,46272
2017-06-27,31950.0,32600.0,31950.0,32350.0,60527
2017-06-28,32600.0,33050.0,32250.0,32700.0,39175
2017-06-29,32500.0,32800.0,32200.0,32300.0,26830
2017-06-30,32050.0,32950.0,31850.0,32700.0,80326
2017-07-03,32700.0,33650.0,32600.0,33600.0,68077
2017-07-04,33650.0,33850.0,33300.0,33500.0,50262
2017-07-05,33350.0,33850.0,33000.0,33000.0,37176
2017-07-06,32950.0,33750.0,32900.0,33250.0,45257
2017-07-07,33150.0,33750.0,32350.0,33650.0,40632
2017-07-10,33500.0,34100.0,33300.0,33650.0,48943
2017-07-11,33700.0,35100.0,33700.0,34600.0,92596
2017-07-12,34600.0,34750.0,34250.0,34550.0,44540
2017-07-13,34800.0,35000.0,34200.0,34750.0,56125
2017-07-14,34600.0,34800.0,33850.0,34000.0,58486
2017-07-17,34000.0,34500.0,33850.0,34100.0,58774
2017-07-18,34100.0,35050.0,34100.0,34800.0,55217
2017-07-19,34850.0,35150.0,34050.0,34400.0,77958
2017-07-20,34400.0,34950.0,33950.0,34450.0,59046
2017-07-21,34300.0,34950.0,33700.0,34700.0,81485
2017-07-24,35000.0,35300.0,34650.0,35250.0,41635
2017-07-25,35600.0,36650.0,35350.0,35650.0,116258
2017-07-26,35800.0,36550.0,35150.0,36350.0,72226
2017-07-27,36350.0,36950.0,36100.0,36450.0,63377
2017-07-28,36200.0,37000.0,36100.0,36650.0,54035
2017-07-31,36650.0,37400.0,35400.0,36100.0,55155
2017-08-01,36100.0,36800.0,35650.0,36050.0,37639
2017-08-02,36050.0,36200.0,35250.0,35600.0,41810
2017-08-03,35550.0,35800.0,35100.0,35300.0,41742
2017-08-04,35000.0,35850.0,34700.0,35300.0,45892
2017-08-07,35100.0,35900.0,34550.0,34850.0,37756
2017-08-08,34850.0,35500.0,34250.0,35100.0,41979
2017-08-09,35100.0,35800.0,34900.0,35600.0,54469
2017-08-10,36200.0,37400.0,35800.0,36050.0,188438
2017-08-11,35850.0,37350.0,35800.0,37200.0,128090
2017-08-14,37200.0,37450.0,36550.0,36900.0,80738
2017-08-16,36900.0,37200.0,36000.0,36250.0,88185
2017-08-17,35800.0,36250.0,35450.0,36000.0,76626
2017-08-18,35350.0,35950.0,35050.0,35100.0,59485
2017-08-21,35250.0,35400.0,34550.0,34700.0,49033
2017-08-22,34800.0,35500.0,34700.0,34800.0,39884
2017-08-23,34900.0,35200.0,34400.0,34750.0,47007
2017-08-24,34600.0,35550.0,34600.0,35200.0,44645
2017-08-25,35550.0,35550.0,34800.0,35400.0,28099
2017-08-28,35150.0,35550.0,34750.0,35000.0,30699
2017-08-29,35100.0,35100.0,34150.0,34650.0,56933
2017-08-30,34650.0,34650.0,33400.0,33450.0,129263
2017-08-31,33450.0,34000.0,32750.0,32900.0,82300
2017-09-01,33100.0,33600.0,32850.0,33000.0,74212
2017-09-04,32500.0,32950.0,32500.0,32750.0,47044
2017-09-05,32900.0,32900.0,32150.0,32250.0,54379
2017-09-06,32100.0,32800.0,32100.0,32400.0,44912
2017-09-07,32650.0,33550.0,32250.0,33400.0,44696
2017-09-08,33200.0,33650.0,32500.0,32750.0,37874
2017-09-11,32900.0,33400.0,32050.0,32200.0,54877
2017-09-12,32050.0,32800.0,32000.0,32600.0,30992
2017-09-13,32450.0,32850.0,32000.0,32000.0,35237
2017-09-14,32000.0,32250.0,31150.0,31900.0,70871
2017-09-15,31900.0,33150.0,31500.0,33050.0,56316
2017-09-18,32850.0,32850.0,32100.0,32250.0,48588
2017-09-19,32000.0,32750.0,31700.0,32250.0,38536
2017-09-20,32650.0,32650.0,31500.0,31700.0,25093
2017-09-21,31650.0,31700.0,30250.0,30400.0,78773
2017-09-22,30600.0,30600.0,29750.0,30000.0,82016
2017-09-25,30000.0,30400.0,29500.0,29550.0,41170
2017-09-26,29900.0,30950.0,29650.0,30700.0,60054
2017-09-27,30400.0,30700.0,29800.0,29950.0,42434
2017-09-28,29750.0,30950.0,29700.0,30900.0,54370
2017-09-29,30700.0,31050.0,30200.0,30950.0,47120
2017-10-10,30750.0,31200.0,30400.0,31050.0,85250
2017-10-11,30800.0,31250.0,30400.0,30850.0,76852
2017-10-12,30550.0,30950.0,30250.0,30800.0,64586
2017-10-13,30650.0,30650.0,28850.0,29600.0,162497
2017-10-16,29400.0,29850.0,28550.0,29800.0,64881
2017-10-17,29950.0,29950.0,29250.0,29400.0,62153
2017-10-18,29250.0,29550.0,28700.0,28850.0,71390
2017-10-19,28700.0,29050.0,28600.0,28900.0,49954
2017-10-20,28750.0,29550.0,28750.0,29350.0,60174
2017-10-23,29400.0,29550.0,28500.0,28950.0,87972
2017-10-24,29000.0,29400.0,28900.0,29050.0,69908
2017-10-25,29050.0,29250.0,28850.0,29050.0,52352
2017-10-26,29050.0,30050.0,29000.0,29850.0,80766
2017-10-27,29650.0,30450.0,29600.0,29700.0,58597
2017-10-30,29850.0,30200.0,29600.0,30200.0,56040
2017-10-31,30250.0,30700.0,29950.0,30000.0,81318
2017-11-01,30000.0,31000.0,30000.0,30850.0,83695
2017-11-02,30650.0,30850.0,30050.0,30200.0,50963
2017-11-03,30400.0,30600.0,30150.0,30400.0,43688
2017-11-06,30250.0,30850.0,30150.0,30650.0,53738
2017-11-07,30450.0,30850.0,30450.0,30550.0,55670
2017-11-08,30600.0,32750.0,30300.0,32750.0,211542
2017-11-09,32750.0,33400.0,32250.0,33100.0,124629
2017-11-10,32700.0,32900.0,31950.0,32650.0,91323
2017-11-13,31300.0,31800.0,29900.0,29950.0,318725
2017-11-14,29950.0,30500.0,29150.0,30400.0,133569
2017-11-15,30100.0,31350.0,30100.0,30200.0,130482
2017-11-16,30350.0,30400.0,29750.0,29850.0,92226
2017-11-17,29850.0,30150.0,29500.0,29700.0,76632
2017-11-20,29600.0,32000.0,29600.0,31700.0,143720
2017-11-21,31900.0,33200.0,31600.0,32300.0,183232
2017-11-22,32400.0,32400.0,31550.0,31700.0,92614
2017-11-23,31550.0,32000.0,31000.0,31800.0,62984
2017-11-24,31800.0,31800.0,31100.0,31600.0,54564
2017-11-27,31300.0,34200.0,31300.0,33750.0,210789
2017-11-28,33800.0,34300.0,33300.0,33900.0,99583
2017-11-29,33550.0,33700.0,32850.0,33200.0,109599
2017-11-30,33000.0,34550.0,32950.0,33250.0,136105
2017-12-01,33300.0,33750.0,32950.0,33150.0,81973
2017-12-04,33500.0,33500.0,32350.0,32700.0,53886
2017-12-05,32350.0,33250.0,32350.0,32550.0,59578
2017-12-06,32900.0,33250.0,32400.0,32500.0,46595
2017-12-07,32900.0,33150.0,32200.0,32550.0,61935
2017-12-08,32400.0,32800.0,31950.0,32000.0,48143
2017-12-11,31800.0,32550.0,31100.0,32100.0,83505
2017-12-12,31700.0,32450.0,31700.0,32000.0,39758
2017-12-13,32000.0,32650.0,32000.0,32250.0,87362
2017-12-14,32250.0,32250.0,30850.0,30850.0,96221
2017-12-15,31400.0,33200.0,31200.0,33050.0,178428
2017-12-18,33200.0,33550.0,31950.0,32550.0,80917
2017-12-19,32500.0,32750.0,31100.0,31350.0,84549
2017-12-20,31350.0,32200.0,31250.0,31550.0,43120
2017-12-21,31250.0,31650.0,31000.0,31300.0,49618
2017-12-22,30900.0,31550.0,30900.0,31350.0,35494
2017-12-26,31400.0,32350.0,31050.0,31150.0,68980
2017-12-27,30850.0,31450.0,30750.0,31150.0,37508
2017-12-28,31250.0,31700.0,30850.0,31450.0,27805
2018-01-02,32250.0,32400.0,31600.0,31650.0,47683
2018-01-03,31300.0,31900.0,31150.0,31300.0,71255
2018-01-04,31250.0,31500.0,30800.0,30850.0,66489
2018-01-05,30900.0,31150.0,29750.0,30100.0,87182
2018-01-08,30400.0,30400.0,29700.0,29800.0,72477
2018-01-09,29800.0,30100.0,29500.0,30000.0,77408
2018-01-10,29800.0,30800.0,29800.0,30600.0,68532
2018-01-11,30650.0,30850.0,30200.0,30550.0,47847
2018-01-12,30350.0,30900.0,30350.0,30650.0,52300
2018-01-15,30550.0,30850.0,30150.0,30400.0,81039
2018-01-16,30450.0,31100.0,30250.0,31000.0,89656
2018-01-17,30800.0,31150.0,30550.0,30750.0,40846
2018-01-18,30600.0,31000.0,30250.0,30850.0,48632
2018-01-19,30950.0,32600.0,30950.0,31950.0,153291
2018-01-22,31950.0,33500.0,31750.0,33100.0,126528
2018-01-23,33600.0,33900.0,33150.0,33550.0,75803
2018-01-24,33300.0,33850.0,33150.0,33400.0,33393
2018-01-25,32800.0,33900.0,32800.0,33600.0,58375
2018-01-26,32850.0,34300.0,32850.0,33550.0,77341
2018-01-29,33700.0,33900.0,33000.0,33150.0,81729
2018-01-30,33100.0,33650.0,32050.0,32250.0,81597
2018-01-31,32200.0,32650.0,31250.0,32350.0,60571
2018-02-01,32000.0,32800.0,31900.0,32550.0,42522
2018-02-02,32200.0,32750.0,31950.0,32100.0,43531
2018-02-05,32400.0,32450.0,31250.0,31450.0,40562
2018-02-06,31000.0,31500.0,30000.0,31150.0,93097
2018-02-07,30950.0,31400.0,30600.0,30650.0,76256
2018-02-08,30500.0,31200.0,30500.0,31150.0,48115
2018-02-09,30500.0,31050.0,29700.0,30950.0,183580
2018-02-12,30800.0,31150.0,28850.0,30750.0,326341
2018-02-13,30400.0,31000.0,29200.0,30200.0,139482
2018-02-14,29900.0,30400.0,28400.0,28500.0,226105
2018-02-19,28800.0,29050.0,28550.0,28750.0,86061
2018-02-20,28800.0,29250.0,28600.0,29000.0,53545
2018-02-21,29050.0,29350.0,28800.0,28900.0,37616
2018-02-22,29000.0,29250.0,28650.0,29000.0,34672
2018-02-23,29000.0,29150.0,28500.0,28850.0,54551
2018-02-26,28850.0,28900.0,28550.0,28900.0,59432
2018-02-27,28650.0,29150.0,28650.0,28900.0,40215
2018-02-28,28700.0,29150.0,28650.0,29150.0,47252
2018-03-02,28600.0,28900.0,28350.0,28700.0,55477
2018-03-05,28500.0,28900.0,28250.0,28350.0,44103
2018-03-06,28300.0,28500.0,28100.0,28350.0,55039
2018-03-07,28050.0,28400.0,27400.0,27450.0,48202
2018-03-08,27550.0,28500.0,27450.0,28300.0,57656
2018-03-09,28150.0,29050.0,28100.0,28800.0,52598
2018-03-12,28650.0,29100.0,28400.0,28850.0,38323
2018-03-13,28450.0,29000.0,28300.0,28400.0,57563
2018-03-14,28200.0,28700.0,28150.0,28500.0,40338
2018-03-15,28750.0,28750.0,28050.0,28400.0,50964
2018-03-16,28550.0,30100.0,28550.0,29200.0,133064
2018-03-19,29550.0,29650.0,29100.0,29250.0,40668
2018-03-20,29000.0,29400.0,28650.0,29300.0,46612
2018-03-21,29050.0,29700.0,28900.0,29250.0,49331
2018-03-22,29100.0,29750.0,29050.0,29600.0,73322
2018-03-23,29350.0,29900.0,28650.0,29350.0,54658
2018-03-26,29400.0,29650.0,29000.0,29300.0,41266
2018-03-27,29500.0,30250.0,29500.0,30150.0,57225
2018-03-28,30300.0,30350.0,29700.0,30200.0,36865
2018-03-29,30400.0,32900.0,30100.0,30850.0,233159
2018-03-30,30850.0,33350.0,30850.0,33200.0,228616
2018-04-02,32900.0,33300.0,32500.0,33300.0,109132
2018-04-03,33200.0,34250.0,32800.0,33600.0,217168
2018-04-04,33400.0,34050.0,32800.0,33150.0,65092
2018-04-05,32950.0,34150.0,32500.0,33050.0,75554
2018-04-06,33100.0,34200.0,32650.0,33850.0,109114
2018-04-09,33500.0,34050.0,33150.0,33550.0,39648
2018-04-10,33300.0,33850.0,32800.0,33650.0,62314
2018-04-11,33100.0,33800.0,32400.0,33150.0,62825
2018-04-12,32950.0,33200.0,32650.0,32800.0,50163
2018-04-13,32450.0,33100.0,32250.0,32850.0,62924
2018-04-16,33200.0,33200.0,32450.0,32800.0,36248
2018-04-17,32550.0,33950.0,32550.0,32950.0,72772
2018-04-18,32700.0,33900.0,32350.0,32400.0,70765
2018-04-19,32350.0,33450.0,32350.0,33200.0,64333
2018-04-20,33200.0,35450.0,33200.0,35200.0,193836
2018-04-23,35550.0,35800.0,34500.0,34500.0,44152
2018-04-24,34500.0,35600.0,34400.0,35050.0,83799
2018-04-25,35050.0,35300.0,34250.0,35050.0,46780
2018-04-26,34700.0,34800.0,33500.0,33850.0,115770
2018-04-27,33300.0,34250.0,32800.0,33100.0,68867
2018-04-30,33100.0,33650.0,32900.0,33200.0,44659
2018-05-02,32750.0,33350.0,32650.0,33100.0,42899
2018-05-03,33100.0,33900.0,32650.0,32950.0,38493
2018-05-04,32600.0,33300.0,32550.0,32750.0,26120
2018-05-08,32750.0,33200.0,31850.0,32400.0,34200
2018-05-09,32200.0,33300.0,32050.0,32900.0,36389
2018-05-10,32400.0,32600.0,31150.0,32450.0,105111
2018-05-11,33650.0,37000.0,33450.0,35600.0,269425
2018-05-14,35550.0,36100.0,34300.0,34400.0,107329
2018-05-15,34400.0,36250.0,34400.0,35700.0,131340
2018-05-16,35450.0,36500.0,35100.0,35450.0,89261
2018-05-17,35700.0,36150.0,35200.0,36150.0,63049
2018-05-18,36400.0,37650.0,35950.0,37500.0,139752
2018-05-21,37950.0,39350.0,37800.0,38950.0,181023
2018-05-23,38350.0,39200.0,37750.0,38950.0,124708
2018-05-24,38750.0,39400.0,38650.0,39350.0,62414
2018-05-25,39600.0,39600.0,38300.0,39200.0,84656
2018-05-28,39200.0,39450.0,37800.0,38300.0,86686
2018-05-29,38700.0,39100.0,37750.0,38850.0,54244
2018-05-30,38300.0,39600.0,38300.0,39450.0,99002
2018-05-31,39450.0,39700.0,38800.0,39250.0,97875
2018-06-01,39250.0,40200.0,38450.0,39100.0,105137
2018-06-04,39100.0,40100.0,38200.0,39800.0,114613
2018-06-05,39550.0,40200.0,39000.0,40100.0,86851
2018-06-07,39500.0,41400.0,39500.0,41200.0,81063
2018-06-08,41200.0,41200.0,38450.0,39950.0,87665
2018-06-11,40450.0,41100.0,39550.0,40900.0,116041
2018-06-12,40900.0,42200.0,40700.0,40900.0,107016
2018-06-14,40650.0,42100.0,40450.0,42100.0,157873
2018-06-15,41950.0,42050.0,40350.0,40800.0,92737
2018-06-18,41350.0,42200.0,40350.0,41300.0,96324
2018-06-19,40600.0,41500.0,39900.0,40650.0,103045
2018-06-20,40250.0,41900.0,40050.0,41300.0,123582
2018-06-21,40850.0,43200.0,40850.0,42350.0,140538
2018-06-22,42150.0,43450.0,40150.0,43450.0,159275
2018-06-25,42950.0,43900.0,41950.0,43450.0,88469
2018-06-26,43450.0,43750.0,42050.0,42600.0,65714
2018-06-27,42100.0,42500.0,41700.0,42100.0,52626
2018-06-28,42900.0,43050.0,41500.0,43050.0,73111
2018-06-29,42600.0,43000.0,40600.0,41650.0,139910
2018-07-02,41350.0,42550.0,40900.0,41250.0,86367
2018-07-03,42950.0,42950.0,39700.0,41300.0,102000
2018-07-04,40100.0,40850.0,36100.0,37950.0,299885
2018-07-05,38000.0,40450.0,37000.0,37750.0,144561
2018-07-06,37400.0,39850.0,37400.0,39750.0,123579
2018-07-09,39450.0,39450.0,38050.0,38450.0,122579
2018-07-10,38000.0,39000.0,37550.0,38450.0,141362
2018-07-11,38200.0,39650.0,38000.0,38000.0,133536
2018-07-12,38800.0,38900.0,37900.0,37950.0,100078
2018-07-13,37850.0,39000.0,37800.0,38950.0,100952
2018-07-16,38950.0,39050.0,38150.0,39050.0,86144
2018-07-17,38350.0,39000.0,37700.0,38650.0,86871
2018-07-18,38350.0,38450.0,36600.0,37400.0,130869
2018-07-19,37000.0,37800.0,35500.0,35800.0,128647
2018-07-20,35850.0,37000.0,35450.0,36550.0,165900
2018-07-23,37200.0,38500.0,37000.0,38050.0,132169
2018-07-24,38150.0,38700.0,37100.0,37600.0,84420
2018-07-25,37500.0,38800.0,37500.0,38200.0,86777
2018-07-26,38600.0,39550.0,38550.0,39200.0,94920
2018-07-27,39200.0,39200.0,37650.0,37800.0,59029
2018-07-30,38200.0,39200.0,38050.0,39150.0,74586
2018-07-31,39150.0,39150.0,37300.0,37750.0,78779
2018-08-01,37850.0,39200.0,37850.0,39000.0,82539
2018-08-02,38750.0,39100.0,37750.0,37850.0,49299
2018-08-03,37750.0,38800.0,37750.0,38150.0,48881
2018-08-06,38150.0,38700.0,37800.0,37950.0,30069
2018-08-07,37700.0,37700.0,36700.0,37250.0,39756
2018-08-08,36800.0,37250.0,36350.0,36350.0,58993
2018-08-09,37000.0,38900.0,36900.0,37550.0,132975
2018-08-10,37250.0,37350.0,36350.0,36850.0,60115
2018-08-13,36450.0,37700.0,36450.0,37400.0,53625
2018-08-14,37350.0,38300.0,36600.0,38100.0,96030
2018-08-16,37900.0,39050.0,37000.0,39000.0,101477
2018-08-17,38300.0,38850.0,37750.0,38700.0,54615
2018-08-20,38950.0,38950.0,38150.0,38800.0,31975
2018-08-21,38400.0,38850.0,37800.0,37850.0,52541
2018-08-22,37650.0,37700.0,36300.0,36450.0,72941
2018-08-23,36500.0,37400.0,36350.0,37300.0,56967
2018-08-24,36750.0,38400.0,36750.0,38350.0,41122
2018-08-27,38500.0,40900.0,38350.0,40400.0,126746
2018-08-28,40100.0,40700.0,39550.0,40100.0,67733
2018-08-29,39600.0,40650.0,39100.0,39200.0,44330
2018-08-30,39200.0,39200.0,38050.0,38700.0,35712
2018-08-31,38600.0,39100.0,37750.0,38900.0,49348
2018-09-03,38500.0,39350.0,37650.0,37750.0,43063
2018-09-04,37700.0,37900.0,36950.0,37650.0,57799
2018-09-05,37600.0,38850.0,37250.0,37700.0,40817
2018-09-06,37700.0,38750.0,37650.0,37750.0,32099
2018-09-07,38450.0,38450.0,37750.0,38050.0,47931
2018-09-10,37350.0,38300.0,37250.0,38100.0,34719
2018-09-11,37600.0,39000.0,37400.0,38600.0,27898
2018-09-12,39000.0,39800.0,38300.0,39050.0,31947
2018-09-13,38900.0,39300.0,38300.0,38300.0,37785
2018-09-14,38200.0,38950.0,38150.0,38700.0,21527
2018-09-17,38150.0,38200.0,37350.0,37900.0,41997
2018-09-18,37450.0,37550.0,36850.0,37000.0,37546
2018-09-19,36750.0,37350.0,36500.0,37100.0,40932
2018-09-20,36750.0,37850.0,36400.0,36600.0,55587
2018-09-21,37300.0,37350.0,36300.0,36650.0,48032
2018-09-27,36350.0,37250.0,36100.0,36250.0,59440
2018-09-28,36500.0,37500.0,35850.0,37450.0,75568
2018-10-01,37750.0,38000.0,36750.0,37450.0,61953
2018-10-02,37050.0,37800.0,36500.0,36700.0,47909
2018-10-04,36700.0,37350.0,36350.0,37000.0,40617
2018-10-05,37050.0,37750.0,36100.0,37300.0,86401
2018-10-08,37300.0,37300.0,36050.0,36350.0,40052
2018-10-10,36200.0,36650.0,35700.0,36400.0,48111
2018-10-11,35400.0,39000.0,34200.0,34200.0,88473
2018-10-12,35400.0,36350.0,34600.0,34650.0,106143
2018-10-15,34650.0,38350.0,34650.0,37200.0,113746
2018-10-16,37350.0,38850.0,36350.0,36650.0,98356
2018-10-17,36800.0,37450.0,36250.0,36700.0,36091
2018-10-18,36500.0,37400.0,36100.0,36650.0,42814
2018-10-19,36650.0,37350.0,36200.0,36950.0,58546
2018-10-22,37250.0,39200.0,36550.0,38500.0,96575
2018-10-23,38000.0,38700.0,37250.0,37900.0,64883
2018-10-24,38650.0,38650.0,37500.0,38250.0,70508
2018-10-25,38200.0,38800.0,35650.0,36650.0,122579
2018-10-26,36650.0,37000.0,35150.0,36500.0,101319
2018-10-29,36750.0,36750.0,34800.0,35900.0,60772
2018-10-30,35800.0,36200.0,34600.0,34900.0,62414
2018-10-31,34750.0,36700.0,34450.0,36400.0,75178
2018-11-01,35750.0,36850.0,35700.0,35900.0,50334
2018-11-02,35800.0,36350.0,34900.0,35150.0,79962
2018-11-05,35200.0,35400.0,34350.0,34650.0,45614
2018-11-06,35050.0,35550.0,34650.0,35500.0,37412
2018-11-07,35500.0,36200.0,33800.0,34050.0,122254
2018-11-08,34500.0,35300.0,34050.0,34600.0,81988
2018-11-09,34400.0,35650.0,34400.0,35000.0,55017
2018-11-12,36600.0,38850.0,36450.0,38450.0,231084
2018-11-13,38000.0,39550.0,38000.0,38700.0,103837
2018-11-14,38700.0,39250.0,37550.0,38300.0,73005
2018-11-15,37950.0,38300.0,37000.0,37700.0,62604
2018-11-16,37300.0,38250.0,37250.0,37850.0,25965
2018-11-19,37500.0,38300.0,37300.0,37950.0,31740
2018-11-20,37300.0,38450.0,36400.0,36800.0,64764
2018-11-21,36900.0,37850.0,36750.0,37850.0,34692
2018-11-22,37750.0,38400.0,37400.0,38400.0,30205
2018-11-23,38450.0,38650.0,37700.0,38000.0,24575
2018-11-26,37800.0,39150.0,37500.0,39150.0,39161
2018-11-27,38850.0,40200.0,38500.0,39200.0,65511
2018-11-28,39500.0,39550.0,38500.0,39250.0,30921
2018-11-29,39200.0,39550.0,37500.0,37850.0,74274
2018-11-30,37850.0,38300.0,37200.0,38250.0,88414
2018-12-03,38600.0,38650.0,37450.0,37900.0,47119
2018-12-04,37900.0,38050.0,37000.0,37350.0,61401
2018-12-05,37700.0,37900.0,37100.0,37450.0,38003
2018-12-06,37700.0,38300.0,37000.0,37800.0,60298
2018-12-07,37800.0,38300.0,36550.0,37250.0,38256
2018-12-10,36900.0,37150.0,36200.0,36700.0,36370
2018-12-11,36200.0,36750.0,36100.0,36300.0,25418
2018-12-12,37200.0,37750.0,36300.0,37100.0,54437
2018-12-13,36750.0,37450.0,36200.0,37000.0,68813
2018-12-14,37000.0,37300.0,36450.0,36750.0,47647
2018-12-17,37650.0,39200.0,36900.0,36950.0,111865
2018-12-18,37350.0,37600.0,36800.0,37150.0,41235
2018-12-19,37450.0,37850.0,36850.0,37450.0,51732
2018-12-20,37800.0,37800.0,36750.0,37400.0,34697
2018-12-21,37850.0,37850.0,36450.0,36450.0,41542
2018-12-24,36450.0,36800.0,35100.0,35750.0,39373
2018-12-26,35350.0,35900.0,33500.0,34550.0,78711
2018-12-27,34300.0,36050.0,33750.0,35000.0,45667
2018-12-28,34850.0,36800.0,34800.0,36250.0,36590
2019-01-02,35900.0,36850.0,35650.0,36300.0,27964
2019-01-03,36300.0,36350.0,34900.0,34900.0,53303
2019-01-04,34600.0,35100.0,34500.0,34700.0,38764
2019-01-07,35000.0,36150.0,34200.0,35850.0,62985
2019-01-08,36300.0,39350.0,36300.0,38550.0,216595
2019-01-09,38200.0,39600.0,38050.0,39100.0,131502
2019-01-10,38700.0,39650.0,38150.0,39450.0,100649
2019-01-11,39050.0,39150.0,37900.0,38450.0,94914
2019-01-14,38450.0,38450.0,36550.0,37700.0,95424
2019-01-15,37950.0,38250.0,36900.0,36950.0,68304
2019-01-16,36800.0,37100.0,35900.0,36600.0,110370
2019-01-17,36600.0,37250.0,36500.0,36900.0,84696
2019-01-18,37200.0,37200.0,36250.0,36800.0,57704
2019-01-21,36900.0,37450.0,36450.0,37250.0,66574
2019-01-22,36900.0,37300.0,36300.0,36550.0,53518
2019-01-23,36750.0,37500.0,36600.0,36950.0,64868
2019-01-24,36850.0,37000.0,36450.0,36650.0,46969
2019-01-25,36550.0,37800.0,36550.0,37650.0,92442
2019-01-28,37700.0,37700.0,37000.0,37300.0,46505
2019-01-29,37050.0,37150.0,36450.0,36700.0,75573
2019-01-30,37000.0,37200.0,36350.0,36750.0,62130
2019-01-31,36950.0,37350.0,36300.0,37000.0,77188
2019-02-01,36800.0,37100.0,36500.0,36950.0,66472
2019-02-07,37100.0,37150.0,36500.0,37000.0,47048
2019-02-08,36800.0,37000.0,36500.0,36700.0,39811
2019-02-11,36950.0,37350.0,36550.0,37200.0,65106
2019-02-12,37000.0,37450.0,35200.0,35550.0,90643
2019-02-13,35950.0,37100.0,35650.0,37050.0,86643
2019-02-14,37100.0,37150.0,36500.0,37150.0,59570
2019-02-15,37200.0,38000.0,36600.0,36950.0,70770
2019-02-18,36750.0,37150.0,36600.0,37050.0,32884
2019-02-19,36850.0,37200.0,35950.0,36300.0,58400
2019-02-20,36300.0,36500.0,36000.0,36350.0,68346
2019-02-21,36300.0,36450.0,35800.0,36000.0,43902
2019-02-22,35950.0,36750.0,35700.0,35800.0,54621
2019-02-25,35850.0,36050.0,35150.0,35400.0,77853
2019-02-26,35300.0,36300.0,35300.0,35700.0,74156
2019-02-27,36150.0,39200.0,35150.0,35550.0,234634
2019-02-28,35700.0,37250.0,35450.0,36750.0,127053
2019-03-04,36700.0,38450.0,36600.0,38150.0,102939
2019-03-05,37600.0,38600.0,37200.0,38050.0,70580
2019-03-06,37900.0,39500.0,37550.0,38350.0,131368
2019-03-07,39100.0,39100.0,37700.0,38350.0,67363
2019-03-08,38000.0,39050.0,37950.0,38950.0,63019
2019-03-11,38700.0,39300.0,37850.0,38400.0,45253
2019-03-12,38550.0,39350.0,38250.0,39350.0,48259
2019-03-13,39450.0,39800.0,39050.0,39500.0,37024
2019-03-14,39900.0,40350.0,39150.0,39900.0,92388
2019-03-15,40250.0,42950.0,40200.0,42600.0,178615
2019-03-18,42500.0,43800.0,42100.0,43450.0,120558
2019-03-19,43500.0,45050.0,41850.0,43150.0,130897
2019-03-20,42650.0,43250.0,40800.0,42350.0,139031
2019-03-21,42000.0,42750.0,41200.0,41700.0,80058
2019-03-22,41300.0,42000.0,40050.0,40850.0,57618
2019-03-25,41250.0,43200.0,40900.0,42300.0,168864
2019-03-26,42750.0,45000.0,42300.0,44750.0,177913
2019-03-27,44750.0,46800.0,44200.0,45250.0,121591
2019-03-28,44900.0,46000.0,44050.0,44400.0,110979
2019-03-29,44900.0,46450.0,43800.0,44550.0,109997
2019-04-01,44600.0,45200.0,44000.0,44100.0,159104
2019-04-02,44050.0,44950.0,42400.0,42950.0,148190
2019-04-03,42550.0,43400.0,42550.0,43300.0,99860
2019-04-04,43400.0,44350.0,42900.0,43900.0,80738
2019-04-05,43900.0,44800.0,43350.0,43650.0,59460
2019-04-08,43600.0,45750.0,43600.0,44450.0,68465
2019-04-09,45300.0,45300.0,44100.0,44400.0,70837
2019-04-10,44500.0,45250.0,44500.0,44950.0,62037
2019-04-11,44900.0,45450.0,43900.0,44400.0,91489
2019-04-12,44500.0,47250.0,44050.0,46150.0,155749
2019-04-15,46450.0,48850.0,46200.0,48600.0,190177
2019-04-16,48450.0,48450.0,45800.0,46200.0,116110
2019-04-17,46200.0,46200.0,42750.0,43250.0,174761
2019-04-18,43350.0,43950.0,42050.0,43500.0,94904
2019-04-19,43500.0,43650.0,42650.0,43050.0,36951
2019-04-22,43000.0,43300.0,42050.0,42850.0,59991
2019-04-23,43250.0,43800.0,42550.0,43400.0,57238
2019-04-24,43400.0,43900.0,42150.0,42350.0,46975
2019-04-25,42350.0,43200.0,42100.0,42300.0,39106
2019-04-26,42000.0,42850.0,40700.0,40900.0,78176
2019-04-29,41050.0,43000.0,41050.0,43000.0,52732
2019-04-30,42450.0,43050.0,41650.0,42800.0,52689
2019-05-02,42400.0,42550.0,41300.0,42550.0,62089
2019-05-03,42150.0,42300.0,40650.0,41000.0,83335
2019-05-07,40600.0,42350.0,40350.0,42300.0,80730
2019-05-08,41300.0,42450.0,41150.0,41700.0,52802
2019-05-09,41750.0,42950.0,41150.0,41500.0,121973
2019-05-10,42950.0,45400.0,42850.0,44300.0,252378
2019-05-13,44100.0,47150.0,44100.0,45350.0,141371
2019-05-14,46650.0,46700.0,43450.0,43800.0,82403
2019-05-15,44100.0,44300.0,42900.0,43650.0,65458
2019-05-16,43500.0,43800.0,42500.0,43800.0,47452
2019-05-17,43800.0,43850.0,42800.0,43250.0,30335
2019-05-20,43200.0,45700.0,43200.0,44200.0,56795
2019-05-21,43800.0,44100.0,43000.0,43400.0,41983
2019-05-22,43200.0,44300.0,43200.0,44050.0,37581
2019-05-23,44500.0,44500.0,42750.0,43050.0,28884
2019-05-24,43400.0,43500.0,42250.0,43050.0,39054
2019-05-27,43400.0,44650.0,42550.0,43750.0,27410
2019-05-28,43750.0,44150.0,42650.0,43300.0,79023
2019-05-29,43600.0,43850.0,41700.0,42050.0,43891
2019-05-30,42100.0,42100.0,39300.0,40500.0,122575
2019-05-31,40500.0,41300.0,40250.0,41000.0,72035
2019-06-03,41150.0,41150.0,39600.0,40950.0,75455
2019-06-04,41100.0,41100.0,40000.0,40600.0,63748
2019-06-05,40900.0,40900.0,40100.0,40250.0,40103
2019-06-07,40250.0,40500.0,40000.0,40250.0,42132
2019-06-10,40550.0,40700.0,40150.0,40450.0,47723
2019-06-11,40450.0,41000.0,40250.0,40650.0,66105
2019-06-12,40950.0,41100.0,40200.0,40350.0,48590
2019-06-13,40400.0,41100.0,40200.0,40950.0,73822
2019-06-14,40850.0,40900.0,40100.0,40150.0,44636
2019-06-17,40550.0,40550.0,38750.0,39100.0,68549
2019-06-18,39250.0,39900.0,38750.0,39400.0,54026
2019-06-19,39500.0,40200.0,39100.0,39100.0,41848
2019-06-20,39350.0,40100.0,39100.0,39650.0,44806
2019-06-21,39500.0,39800.0,39000.0,39450.0,48244
2019-06-24,39150.0,39750.0,38500.0,39350.0,62018
2019-06-25,39500.0,39500.0,38300.0,38650.0,57723
2019-06-26,38400.0,38500.0,36900.0,37300.0,80898
2019-06-27,37350.0,37400.0,36500.0,36700.0,78536
2019-06-28,36700.0,37800.0,36600.0,37000.0,66969
2019-07-01,37300.0,37500.0,36350.0,36350.0,45087
2019-07-02,36450.0,37400.0,36150.0,36600.0,48931
2019-07-03,37000.0,37000.0,36150.0,36300.0,53203
2019-07-04,36700.0,36950.0,36350.0,36600.0,29413
2019-07-05,36900.0,37300.0,36350.0,36800.0,34356
2019-07-08,36800.0,36950.0,36550.0,36550.0,38580
2019-07-09,36450.0,36900.0,36300.0,36400.0,27584
2019-07-10,36000.0,36550.0,35800.0,36250.0,24662
2019-07-11,36750.0,37200.0,36150.0,36450.0,34722
2019-07-12,36450.0,36750.0,36150.0,36300.0,23682
2019-07-15,36350.0,36500.0,35800.0,35850.0,32105
2019-07-16,36150.0,36350.0,35300.0,35800.0,39453
2019-07-17,35600.0,35800.0,35050.0,35300.0,42655
2019-07-18,35350.0,36100.0,35350.0,35850.0,51619
2019-07-19,35850.0,36950.0,35850.0,36750.0,42617
2019-07-22,36800.0,36800.0,35850.0,36350.0,33918
2019-07-23,36100.0,37050.0,35950.0,36300.0,37093
2019-07-24,36450.0,37300.0,36350.0,36700.0,47183
2019-07-25,37050.0,37050.0,36150.0,36600.0,27277
2019-07-26,36800.0,36800.0,36100.0,36400.0,29561
2019-07-29,36100.0,36650.0,35700.0,36200.0,37113
2019-07-30,36500.0,38100.0,35950.0,37000.0,60390
2019-07-31,37400.0,37700.0,36700.0,37150.0,48193
2019-08-01,37150.0,38500.0,36800.0,37200.0,87347
2019-08-02,37150.0,37500.0,35650.0,36150.0,66015
2019-08-05,35650.0,36000.0,33150.0,33500.0,79101
2019-08-06,33500.0,35350.0,32800.0,33300.0,131602
2019-08-07,33300.0,33500.0,31900.0,33000.0,95392
2019-08-08,32600.0,32650.0,30750.0,32200.0,134719
2019-08-09,32450.0,32450.0,30750.0,30900.0,98511
2019-08-12,30800.0,31350.0,30400.0,30850.0,57939
2019-08-13,30700.0,31550.0,30700.0,31350.0,55444
2019-08-14,31350.0,31400.0,30400.0,30750.0,83000
2019-08-16,30250.0,30600.0,29450.0,29750.0,70021
2019-08-19,29900.0,30750.0,29750.0,30700.0,60237
2019-08-20,30450.0,30700.0,30100.0,30450.0,39691
2019-08-21,30450.0,30700.0,30250.0,30500.0,48710
2019-08-22,30500.0,30700.0,30050.0,30250.0,49172
2019-08-23,30000.0,30200.0,29450.0,29800.0,64863
2019-08-26,29400.0,29500.0,28650.0,29150.0,52118
2019-08-27,29100.0,29250.0,28600.0,28750.0,76594
2019-08-28,28900.0,29850.0,28800.0,29700.0,52491
2019-08-29,29800.0,29800.0,28850.0,29350.0,54594
2019-08-30,29950.0,29950.0,29100.0,29450.0,63478
2019-09-02,29500.0,30150.0,29450.0,30000.0,47547
2019-09-03,30000.0,30400.0,29550.0,29950.0,51920
2019-09-04,29650.0,30100.0,29450.0,29900.0,61388
2019-09-05,29750.0,30100.0,29750.0,29800.0,55172
2019-09-06,29850.0,30050.0,29150.0,29300.0,56889
2019-09-09,29300.0,29850.0,29300.0,29550.0,35939
2019-09-10,29550.0,30000.0,29350.0,30000.0,51666
2019-09-11,30100.0,30350.0,29900.0,30000.0,89404
2019-09-16,30450.0,31050.0,30050.0,30050.0,75493
2019-09-17,30050.0,30850.0,30050.0,30700.0,52485
2019-09-18,30800.0,30900.0,30200.0,30350.0,49582
2019-09-19,30350.0,30700.0,30350.0,30450.0,31753
2019-09-20,30450.0,30650.0,30200.0,30600.0,49015
2019-09-23,30650.0,30950.0,30350.0,30500.0,46181
2019-09-24,30700.0,30700.0,29650.0,29750.0,102769
2019-09-25,29500.0,29950.0,29250.0,29250.0,63599
2019-09-26,29250.0,29800.0,29000.0,29300.0,50244
2019-09-27,29550.0,29550.0,29000.0,29250.0,27064
2019-09-30,29100.0,29400.0,28750.0,29200.0,34667
2019-10-01,29300.0,29700.0,29100.0,29550.0,32417
2019-10-02,29250.0,29450.0,28700.0,28700.0,62506
2019-10-04,28400.0,28450.0,27350.0,27700.0,111366
2019-10-07,27750.0,28550.0,27650.0,28050.0,49770
2019-10-08,28200.0,29600.0,28050.0,29550.0,108936
2019-10-10,29050.0,29450.0,28300.0,28300.0,77652
2019-10-11,28700.0,28800.0,28150.0,28350.0,43065
2019-10-14,28450.0,29250.0,28450.0,29050.0,65233
2019-10-15,28900.0,29350.0,28550.0,28900.0,80699
2019-10-16,29350.0,29650.0,28900.0,29200.0,89025
2019-10-17,29400.0,30700.0,29400.0,30250.0,162155
2019-10-18,30600.0,30800.0,29850.0,29850.0,68076
2019-10-21,29850.0,30100.0,29000.0,29600.0,60864
2019-10-22,29600.0,30350.0,29600.0,29750.0,57268
2019-10-23,29600.0,30100.0,29150.0,29400.0,45182
2019-10-24,29200.0,29800.0,28950.0,29800.0,51983
2019-10-25,29800.0,29950.0,29450.0,29800.0,32710
2019-10-28,30000.0,30350.0,29500.0,29600.0,60352
2019-10-29,29800.0,30000.0,29450.0,29800.0,43217
2019-10-30,29850.0,30050.0,28850.0,29250.0,53763
2019-10-31,29250.0,29550.0,29050.0,29200.0,50362
2019-11-01,29200.0,29300.0,28850.0,29100.0,28385
2019-11-04,29300.0,29750.0,29200.0,29550.0,45597
2019-11-05,29800.0,29850.0,29400.0,29600.0,45494
2019-11-06,29550.0,31950.0,29550.0,31450.0,181037
2019-11-07,31250.0,31800.0,30900.0,31150.0,84911
2019-11-08,31150.0,31750.0,30450.0,31500.0,114090
2019-11-11,33000.0,34650.0,32100.0,32750.0,258442
2019-11-12,32650.0,34100.0,32450.0,33650.0,159921
2019-11-13,33600.0,33600.0,32450.0,32650.0,112850
2019-11-14,33100.0,33100.0,31700.0,31850.0,84837
2019-11-15,31850.0,32750.0,31850.0,32350.0,64197
2019-11-18,32350.0,32450.0,31400.0,31750.0,55583
2019-11-19,31500.0,31850.0,31100.0,31650.0,53478
2019-11-20,31400.0,31650.0,30750.0,31000.0,62174
2019-11-21,31000.0,31700.0,30700.0,31200.0,71709
2019-11-22,31200.0,31850.0,31000.0,31700.0,43522
2019-11-25,31700.0,31850.0,31050.0,31750.0,71909
2019-11-26,31750.0,32100.0,31300.0,31750.0,63391
2019-11-27,32300.0,32550.0,31500.0,32450.0,77867
2019-11-28,32250.0,32300.0,31700.0,31950.0,58120
2019-11-29,32200.0,32350.0,31600.0,31700.0,78570
2019-12-02,31600.0,31700.0,31050.0,31350.0,63074
2019-12-03,31350.0,31350.0,30650.0,30850.0,53390
2019-12-04,30600.0,30800.0,30050.0,30250.0,44923
2019-12-05,30250.0,30850.0,30150.0,30800.0,43569
2019-12-06,30900.0,31500.0,30800.0,30950.0,50674
2019-12-09,30900.0,31050.0,30200.0,30550.0,63231
2019-12-10,30300.0,31050.0,30300.0,30950.0,36616
2019-12-11,31200.0,32000.0,30850.0,31850.0,57418
2019-12-12,31900.0,32050.0,31650.0,31950.0,83774
2019-12-13,31800.0,32100.0,31200.0,31500.0,56007
2019-12-16,31550.0,31750.0,31150.0,31500.0,42607
2019-12-17,31300.0,31350.0,30550.0,30600.0,84899
2019-12-18,30650.0,30800.0,30200.0,30300.0,55862
2019-12-19,30200.0,30750.0,30200.0,30650.0,36686
2019-12-20,30900.0,30950.0,30650.0,30950.0,28557
2019-12-23,31200.0,31200.0,30800.0,30900.0,20371
2019-12-24,30700.0,31000.0,30450.0,30650.0,28216
2019-12-26,30650.0,31450.0,30600.0,31200.0,58213
2019-12-27,30850.0,30950.0,30500.0,30750.0,95283
2019-12-30,30750.0,31700.0,30750.0,31550.0,39405
2020-01-02,31550.0,31600.0,30850.0,31300.0,36187
2020-01-03,31550.0,31750.0,31100.0,31600.0,52807
2020-01-06,31300.0,31600.0,30750.0,31300.0,44260
2020-01-07,31450.0,32250.0,31450.0,31850.0,45766
2020-01-08,31450.0,31450.0,30400.0,30550.0,98802
2020-01-09,30650.0,31250.0,30550.0,31000.0,75108
2020-01-10,30750.0,30950.0,30450.0,30700.0,39575
2020-01-13,30550.0,31000.0,30500.0,30750.0,41205
2020-01-14,30700.0,30900.0,30550.0,30600.0,42274
2020-01-15,30550.0,31600.0,30550.0,31400.0,76656
2020-01-16,31800.0,31800.0,31100.0,31600.0,37021
2020-01-17,31600.0,32150.0,31400.0,31400.0,66313
2020-01-20,31900.0,32050.0,30600.0,30850.0,69131
2020-01-21,30850.0,31200.0,30650.0,30800.0,29755
2020-01-22,31200.0,31500.0,30500.0,31250.0,66057
2020-01-23,30850.0,31450.0,30850.0,31100.0,28702
2020-01-28,30500.0,30900.0,29350.0,29500.0,101897
2020-01-29,29150.0,29500.0,29000.0,29150.0,43180
2020-01-30,29150.0,29400.0,27900.0,28150.0,62292
2020-01-31,28250.0,28400.0,27400.0,27400.0,67677
2020-02-03,27350.0,27800.0,26900.0,27350.0,52126
2020-02-04,27200.0,27750.0,27050.0,27400.0,56377
2020-02-05,27350.0,27900.0,27150.0,27300.0,63655
2020-02-06,27750.0,27900.0,27450.0,27750.0,59672
2020-02-07,27600.0,27900.0,27400.0,27600.0,57609
2020-02-10,27600.0,27900.0,27450.0,27750.0,48716
2020-02-11,28550.0,29000.0,28000.0,28500.0,105550
2020-02-12,28400.0,28800.0,28100.0,28450.0,71331
2020-02-13,28350.0,28750.0,28150.0,28550.0,69452
2020-02-14,28250.0,28450.0,27650.0,27650.0,74250
2020-02-17,27700.0,28300.0,27650.0,28200.0,49473
2020-02-18,27750.0,28200.0,27600.0,27650.0,61505
2020-02-19,27900.0,28200.0,27400.0,27400.0,57061
2020-02-20,27400.0,27700.0,26950.0,26950.0,57727
2020-02-21,26800.0,26800.0,25750.0,25750.0,72465
2020-02-24,25100.0,25150.0,24550.0,24700.0,73996
2020-02-25,24650.0,26000.0,24550.0,25800.0,79997
2020-02-26,25450.0,25800.0,25100.0,25150.0,70956
2020-02-27,24800.0,25650.0,24800.0,25400.0,67881
2020-02-28,25250.0,25250.0,24200.0,24500.0,100093
2020-03-02,24550.0,24900.0,24350.0,24850.0,36311
2020-03-03,25000.0,25400.0,24500.0,24750.0,48742
2020-03-04,25050.0,25150.0,24600.0,25100.0,29453
2020-03-05,25050.0,25400.0,24800.0,25300.0,65066
2020-03-06,25200.0,25250.0,24250.0,24500.0,61430
2020-03-09,24250.0,24450.0,23050.0,23500.0,100877
2020-03-10,23650.0,24050.0,22550.0,23100.0,79302
2020-03-11,23100.0,23500.0,22300.0,22450.0,68214
2020-03-12,22600.0,22700.0,21250.0,21550.0,127344
2020-03-13,19250.0,20550.0,18250.0,20200.0,190632
2020-03-16,20100.0,20800.0,19200.0,20700.0,119803
2020-03-17,19100.0,20200.0,19100.0,19700.0,118398
2020-03-18,19650.0,19800.0,18350.0,18350.0,120856
2020-03-19,18500.0,19050.0,15900.0,16750.0,189642
2020-03-20,17050.0,21650.0,16250.0,21650.0,107286
2020-03-23,18600.0,18600.0,17000.0,17000.0,159146
2020-03-24,17750.0,17750.0,16700.0,17400.0,144534
2020-03-25,18250.0,18700.0,17200.0,18250.0,258935
2020-03-26,18300.0,20450.0,18000.0,18850.0,189303
2020-03-27,19800.0,20000.0,18450.0,18950.0,161809
2020-03-30,18600.0,19150.0,18150.0,18950.0,96604
2020-03-31,19150.0,19800.0,18950.0,19450.0,134022
2020-04-01,19200.0,21250.0,19150.0,20000.0,156849
2020-04-02,20000.0,20450.0,19350.0,20100.0,97644
2020-04-03,20100.0,20550.0,19750.0,20350.0,90122
2020-04-06,20650.0,21150.0,20350.0,20900.0,96892
2020-04-07,21400.0,21650.0,20750.0,21400.0,135804
2020-04-08,21450.0,22050.0,20850.0,21300.0,126023
2020-04-09,21700.0,22550.0,21150.0,22400.0,123540
2020-04-10,22200.0,23400.0,22100.0,22700.0,147373
2020-04-13,22650.0,22750.0,21650.0,21700.0,77198
2020-04-14,21900.0,22700.0,21750.0,22450.0,64286
2020-04-16,22050.0,22100.0,21350.0,21750.0,101968
2020-04-17,22050.0,22900.0,22050.0,22650.0,97790
2020-04-20,22700.0,24100.0,22700.0,23500.0,131911
2020-04-21,23250.0,23500.0,22050.0,22600.0,165105
2020-04-22,22100.0,22500.0,21700.0,22400.0,89892
2020-04-23,22500.0,23700.0,22400.0,23450.0,84046
2020-04-24,23100.0,23200.0,22400.0,22650.0,88439
2020-04-27,22550.0,25350.0,22500.0,24650.0,195696
2020-04-28,24800.0,25100.0,24150.0,24500.0,91654
2020-04-29,24600.0,24600.0,23800.0,24400.0,101651
2020-05-04,23750.0,24100.0,23000.0,23350.0,129942
2020-05-06,23800.0,23850.0,23100.0,23550.0,114017
2020-05-07,23350.0,24050.0,23300.0,23500.0,74672
2020-05-08,23700.0,24200.0,23650.0,24100.0,92964
2020-05-11,24900.0,28000.0,24800.0,27600.0,831632
2020-05-12,28200.0,28400.0,26500.0,27000.0,288877
2020-05-13,26550.0,30400.0,26450.0,30300.0,451620
2020-05-14,30100.0,31100.0,28950.0,30550.0,261024
2020-05-15,30200.0,35450.0,30150.0,32350.0,491861
2020-05-18,32750.0,33400.0,31800.0,31850.0,153978
2020-05-19,31900.0,33650.0,30500.0,30550.0,265577
2020-05-20,30950.0,31600.0,30400.0,30700.0,120419
2020-05-21,30900.0,31000.0,29600.0,30050.0,204438
2020-05-22,30150.0,31200.0,29750.0,30100.0,128487
2020-05-25,30750.0,30750.0,29750.0,29900.0,98034
2020-05-26,29900.0,29950.0,29000.0,29100.0,145105
2020-05-27,30050.0,30600.0,29250.0,30350.0,158099
2020-05-28,31700.0,33150.0,30000.0,30650.0,386237
2020-05-29,31100.0,31350.0,30250.0,30250.0,160518
2020-06-01,30400.0,31300.0,30250.0,31150.0,116891
2020-06-02,31150.0,32800.0,30800.0,32800.0,212350
2020-06-03,33500.0,34900.0,33000.0,33600.0,370451
2020-06-04,34300.0,34300.0,32200.0,32200.0,176583
2020-06-05,32250.0,32750.0,31250.0,31750.0,167301
2020-06-08,32250.0,33900.0,31900.0,33350.0,274909
2020-06-09,33350.0,34200.0,32650.0,33800.0,216214
2020-06-10,34200.0,35000.0,33400.0,34800.0,215182
2020-06-11,34300.0,37350.0,34050.0,34750.0,375843
2020-06-12,33000.0,34400.0,32450.0,34100.0,211291
2020-06-15,33550.0,33750.0,31000.0,31150.0,195831
2020-06-16,32200.0,34400.0,31850.0,34250.0,179305
2020-06-17,33900.0,36300.0,33850.0,34900.0,204870
2020-06-18,34500.0,35500.0,34400.0,34800.0,85273
2020-06-19,35300.0,36000.0,34300.0,35300.0,119647
2020-06-22,34700.0,35800.0,34400.0,35150.0,74527
2020-06-23,35100.0,35650.0,33300.0,35400.0,180637
2020-06-24,35400.0,35500.0,34550.0,35350.0,56111
2020-06-25,34600.0,35000.0,34050.0,34300.0,80439
2020-06-26,34400.0,34450.0,32900.0,33400.0,141758
2020-06-29,33150.0,34000.0,32650.0,33100.0,78465
2020-06-30,33900.0,35450.0,33350.0,35000.0,179826
2020-07-01,35400.0,35700.0,34550.0,34800.0,78842
2020-07-02,35250.0,36150.0,35100.0,35750.0,92453
2020-07-03,35750.0,36100.0,35200.0,35350.0,47423
2020-07-06,35350.0,36150.0,34650.0,35850.0,75598
2020-07-07,36000.0,36150.0,34900.0,35350.0,81048
2020-07-08,35400.0,36900.0,35400.0,36900.0,84967
2020-07-09,36950.0,38150.0,36650.0,37500.0,100419
2020-07-10,37850.0,37850.0,36150.0,36600.0,78163
2020-07-13,37100.0,37150.0,36000.0,36150.0,67794
2020-07-14,36000.0,36100.0,35300.0,35600.0,67895
2020-07-15,35850.0,36600.0,35850.0,36000.0,62270
2020-07-16,35950.0,36500.0,34850.0,35150.0,62817
2020-07-17,35500.0,35500.0,34250.0,34700.0,67481
2020-07-20,34600.0,34750.0,33550.0,33600.0,70805
2020-07-21,33550.0,34050.0,32450.0,32650.0,123451
2020-07-22,32800.0,33450.0,32350.0,32600.0,96003
2020-07-23,32550.0,33650.0,31850.0,33300.0,107383
2020-07-24,33150.0,33450.0,32550.0,32700.0,76629
2020-07-27,32700.0,33400.0,32200.0,32700.0,74085
2020-07-28,32400.0,32750.0,31900.0,31900.0,102374
2020-07-29,31450.0,31950.0,30950.0,31150.0,135758
2020-07-30,30950.0,31300.0,30600.0,30700.0,100541
2020-07-31,30950.0,31050.0,30000.0,30300.0,99386
2020-08-03,30150.0,30750.0,29500.0,30550.0,129220
2020-08-04,30700.0,31800.0,30550.0,31400.0,110317
2020-08-05,31200.0,31400.0,30800.0,31200.0,93428
2020-08-06,30950.0,31500.0,30750.0,31300.0,111151
2020-08-07,31200.0,31350.0,30250.0,30450.0,88689
2020-08-10,30150.0,31000.0,29700.0,30800.0,131209
2020-08-11,30800.0,31100.0,30200.0,31100.0,122766
2020-08-12,31700.0,34400.0,31650.0,33800.0,432056
2020-08-13,33850.0,34900.0,33100.0,33900.0,226409
2020-08-14,34000.0,34600.0,33000.0,34500.0,156501
2020-08-18,34400.0,34500.0,32100.0,32150.0,170276
2020-08-19,32150.0,33200.0,32050.0,33000.0,75103
2020-08-20,32600.0,33000.0,31100.0,31450.0,131787
2020-08-21,31500.0,31900.0,30900.0,31050.0,67611
2020-08-24,30950.0,30950.0,30000.0,30700.0,98172
2020-08-25,30750.0,32000.0,30500.0,31600.0,108520
2020-08-26,31600.0,31950.0,30950.0,31100.0,76039
2020-08-27,31400.0,31400.0,30250.0,30300.0,102197
2020-08-28,30350.0,31150.0,30250.0,30350.0,68492
2020-08-31,30350.0,31650.0,30350.0,31450.0,105294
2020-09-01,31100.0,31400.0,30700.0,31300.0,60621
2020-09-02,31300.0,32050.0,31000.0,31800.0,94723
2020-09-03,31900.0,32550.0,31650.0,32150.0,99084
2020-09-04,31200.0,31600.0,31150.0,31300.0,83517
2020-09-07,31100.0,31500.0,30850.0,31100.0,75014
2020-09-08,31200.0,31450.0,30550.0,30800.0,91757
2020-09-09,30300.0,30600.0,30150.0,30350.0,85839
2020-09-10,30500.0,30550.0,29700.0,29750.0,190717
2020-09-11,29750.0,30100.0,29400.0,29750.0,126549
2020-09-14,30000.0,30800.0,29900.0,30650.0,92814
2020-09-15,30550.0,31100.0,30200.0,30900.0,94070
2020-09-16,30700.0,31000.0,30200.0,30250.0,85930
2020-09-17,30300.0,30500.0,29900.0,30000.0,107585
2020-09-18,30000.0,30650.0,29850.0,30650.0,75159
2020-09-21,30550.0,30650.0,29900.0,30050.0,48852
2020-09-22,30000.0,30000.0,29300.0,29300.0,86940
2020-09-23,29350.0,29600.0,28200.0,28700.0,120900
2020-09-24,28600.0,28650.0,27700.0,28050.0,92016
2020-09-25,28100.0,28750.0,27900.0,28450.0,41582
2020-09-28,28500.0,29250.0,28450.0,28900.0,64316
2020-09-29,29400.0,30500.0,28850.0,30250.0,107821
2020-10-05,30700.0,30700.0,29800.0,29950.0,42296
2020-10-06,30100.0,30100.0,29700.0,29900.0,36477
2020-10-07,30000.0,30000.0,29300.0,29650.0,45710
2020-10-08,29750.0,29900.0,29150.0,29300.0,112718
2020-10-12,29650.0,29700.0,29050.0,29350.0,82159
2020-10-13,29400.0,29500.0,28650.0,29000.0,93772
2020-10-14,29000.0,29000.0,28400.0,28600.0,80939
2020-10-15,28500.0,28650.0,28300.0,28550.0,72941
2020-10-16,28850.0,29000.0,28500.0,28900.0,48166
2020-10-19,29150.0,30600.0,28650.0,30350.0,234401
2020-10-20,30100.0,30150.0,29500.0,29800.0,63931
2020-10-21,29800.0,30500.0,29650.0,30000.0,55831
2020-10-22,29950.0,30000.0,29300.0,30000.0,66576
2020-10-23,30600.0,30600.0,29950.0,30300.0,93857
2020-10-26,30250.0,30250.0,28500.0,29050.0,81214
2020-10-27,28850.0,28850.0,27800.0,28100.0,163010
2020-10-28,27950.0,28550.0,27900.0,28550.0,53665
2020-10-29,28000.0,28500.0,27500.0,28350.0,102507
2020-10-30,28150.0,28200.0,27700.0,27850.0,67365
2020-11-02,28050.0,28400.0,27900.0,28250.0,55646
2020-11-03,28850.0,29350.0,28500.0,29150.0,87733
2020-11-04,29350.0,29900.0,29000.0,29700.0,60044
2020-11-05,29500.0,29900.0,29500.0,29900.0,55653
2020-11-06,29850.0,30000.0,29000.0,29500.0,54586
2020-11-09,29700.0,30050.0,29450.0,29700.0,68390
2020-11-10,30250.0,30400.0,29950.0,29950.0,84861
2020-11-11,29950.0,30300.0,29300.0,29550.0,69190
2020-11-12,29550.0,29900.0,29250.0,29800.0,68602
2020-11-13,29750.0,29800.0,29300.0,29300.0,40866
2020-11-16,29400.0,30300.0,29150.0,29950.0,84868
2020-11-17,29950.0,30450.0,29850.0,30250.0,95723
2020-11-18,30250.0,30550.0,29900.0,29900.0,71066
2020-11-19,29750.0,29950.0,29350.0,29450.0,56604
2020-11-20,29350.0,29850.0,29250.0,29800.0,76479
2020-11-23,29700.0,30800.0,29550.0,30100.0,120362
2020-11-24,30100.0,30350.0,30000.0,30300.0,78294
2020-11-25,30400.0,30750.0,29950.0,30150.0,106029
2020-11-26,30000.0,30350.0,29600.0,30000.0,86395
2020-11-27,29900.0,30050.0,29550.0,29600.0,58759
2020-11-30,29650.0,29900.0,29000.0,29350.0,114994
2020-12-01,29350.0,29550.0,29050.0,29150.0,79418
2020-12-02,29150.0,29200.0,28600.0,28650.0,163122
2020-12-03,28650.0,29050.0,28450.0,28750.0,93074
2020-12-04,28700.0,29050.0,28350.0,28700.0,152061
2020-12-07,28400.0,28750.0,28100.0,28750.0,70427
2020-12-08,28700.0,29250.0,28450.0,29150.0,83480
2020-12-09,29150.0,30150.0,29100.0,30100.0,130973
2020-12-10,30100.0,30200.0,29500.0,30100.0,116811
2020-12-11,30000.0,30550.0,29850.0,30550.0,109702
2020-12-14,30450.0,30450.0,29550.0,29550.0,115349
2020-12-15,29650.0,30600.0,29350.0,30100.0,123677
2020-12-16,30050.0,30350.0,29650.0,29850.0,83240
2020-12-17,29850.0,29850.0,29350.0,29550.0,96862
2020-12-18,29500.0,29850.0,29350.0,29600.0,74690
2020-12-21,29500.0,29800.0,29300.0,29700.0,63274
2020-12-22,29500.0,29650.0,28650.0,29000.0,121592
2020-12-23,28950.0,29300.0,28700.0,29050.0,70013
2020-12-24,29100.0,29450.0,28900.0,29450.0,76591
2020-12-28,29400.0,29600.0,28950.0,29500.0,85451
2020-12-29,29350.0,29850.0,29000.0,29800.0,104042
2020-12-30,29550.0,30250.0,29500.0,30250.0,98072
2021-01-04,30250.0,30700.0,29700.0,30550.0,195702
2021-01-05,30700.0,30900.0,30150.0,30750.0,143261
2021-01-06,30800.0,31300.0,30450.0,30450.0,156471
2021-01-07,30800.0,31750.0,30500.0,31300.0,215992
2021-01-08,31000.0,31500.0,30250.0,31050.0,166544
2021-01-11,30850.0,30900.0,29700.0,30000.0,191170
2021-01-12,30000.0,31250.0,29850.0,30750.0,195066
2021-01-13,31200.0,32750.0,30900.0,32500.0,297772
2021-01-14,32800.0,33450.0,32250.0,32600.0,185975
2021-01-15,32850.0,32900.0,31750.0,32150.0,139135
2021-01-18,31550.0,32200.0,31200.0,31550.0,119636
2021-01-19,31650.0,32200.0,31550.0,31950.0,72686
2021-01-20,31800.0,32100.0,31400.0,32000.0,103898
2021-01-21,32050.0,32350.0,31650.0,31800.0,72394
2021-01-22,31850.0,32700.0,31550.0,32000.0,145457
2021-01-25,32100.0,32700.0,31750.0,32300.0,101349
2021-01-26,32300.0,32600.0,31600.0,32500.0,93924
2021-01-27,32700.0,32850.0,31350.0,31800.0,94001
2021-01-28,31350.0,31600.0,30750.0,31500.0,121143
2021-01-29,31300.0,31800.0,30450.0,31100.0,205775
2021-02-01,31050.0,31300.0,30500.0,31200.0,100494
2021-02-02,30950.0,32000.0,30900.0,31650.0,67356
2021-02-03,31700.0,32200.0,31000.0,32050.0,75933
2021-02-04,31900.0,32800.0,31200.0,32050.0,83027
2021-02-05,32100.0,32700.0,31550.0,32450.0,91662
2021-02-08,33400.0,39200.0,33350.0,37100.0,1108110
2021-02-09,37100.0,38350.0,36450.0,37550.0,382222
2021-02-10,37900.0,38250.0,36600.0,37050.0,166211
2021-02-15,37400.0,37400.0,36350.0,36900.0,185957
2021-02-16,36900.0,37550.0,36350.0,36900.0,177313
2021-02-17,36550.0,37100.0,35950.0,37100.0,172276
2021-02-18,37100.0,39000.0,37000.0,37200.0,290153
2021-02-19,37300.0,38000.0,35500.0,38000.0,207109
2021-02-22,38000.0,38900.0,37300.0,37800.0,157070
2021-02-23,37500.0,38900.0,37250.0,38750.0,152501
2021-02-24,39450.0,39650.0,36500.0,37050.0,190073
2021-02-25,37650.0,38500.0,37250.0,38250.0,121446
2021-02-26,37550.0,37850.0,36150.0,37150.0,130602
2021-03-02,38250.0,39250.0,37200.0,38500.0,222938
2021-03-03,38400.0,39000.0,38050.0,38550.0,70264
2021-03-04,38100.0,39000.0,37450.0,38900.0,106000
2021-03-05,38500.0,38600.0,37250.0,38000.0,116292
2021-03-08,38450.0,38550.0,37150.0,37500.0,62701
2021-03-09,38000.0,39300.0,37700.0,38300.0,195642
2021-03-10,38300.0,39300.0,37900.0,38300.0,170021
2021-03-11,38550.0,39000.0,36950.0,37200.0,164251
2021-03-12,37250.0,38000.0,36600.0,37300.0,100515
2021-03-15,37850.0,37850.0,37100.0,37150.0,45487
2021-03-16,37300.0,39500.0,37300.0,39450.0,174218
2021-03-17,39450.0,41100.0,39450.0,40700.0,253766
2021-03-18,41000.0,41000.0,39600.0,39850.0,96029
2021-03-19,39700.0,40400.0,38750.0,40100.0,73139
2021-03-22,39650.0,40400.0,39250.0,40250.0,56817
2021-03-23,40700.0,40800.0,38900.0,39500.0,78794
2021-03-24,39600.0,40300.0,38800.0,39850.0,58722
2021-03-25,39900.0,42100.0,39900.0,41750.0,238234
2021-03-26,42100.0,42400.0,40950.0,41750.0,89738
2021-03-29,41850.0,42200.0,41000.0,41700.0,84283
2021-03-30,42150.0,42150.0,41050.0,41200.0,45519
2021-03-31,40950.0,41400.0,40250.0,40600.0,81780
2021-04-01,40600.0,40700.0,39200.0,39950.0,94600
2021-04-02,39850.0,40300.0,39350.0,40250.0,86627
2021-04-05,39650.0,41450.0,39650.0,41250.0,81787
2021-04-06,40650.0,41600.0,40600.0,41300.0,53306
2021-04-07,41450.0,41450.0,40650.0,40850.0,52268
2021-04-08,40650.0,40850.0,40100.0,40200.0,52223
2021-04-09,40200.0,42100.0,39850.0,41600.0,90291
2021-04-12,41700.0,43350.0,40600.0,43100.0,124298
2021-04-13,43100.0,43550.0,42050.0,42100.0,61989
2021-04-14,42200.0,42950.0,41450.0,42500.0,48245
2021-04-15,42500.0,42600.0,41550.0,41950.0,48951
2021-04-16,41500.0,41900.0,40900.0,41150.0,78403
2021-04-19,41200.0,41750.0,40700.0,41600.0,44299
2021-04-20,42200.0,43750.0,41700.0,43500.0,151477
2021-04-21,43500.0,43500.0,42000.0,42150.0,67963
2021-04-22,42000.0,42500.0,41700.0,42300.0,42268
2021-04-23,42200.0,42450.0,41600.0,41750.0,39702
2021-04-26,41750.0,42800.0,41450.0,42200.0,38203
2021-04-27,42750.0,42750.0,41850.0,42350.0,36863
2021-04-28,42300.0,43400.0,41650.0,43200.0,76632
2021-04-29,42750.0,44300.0,42500.0,44100.0,85254
2021-04-30,43800.0,45000.0,43350.0,43450.0,141284
2021-05-03,44000.0,44650.0,41450.0,41700.0,113410
2021-05-04,41500.0,41600.0,40100.0,41200.0,156070
2021-05-06,41600.0,43050.0,40800.0,43000.0,124556
2021-05-07,43450.0,44800.0,43300.0,44600.0,120420
2021-05-10,46650.0,49500.0,45900.0,48050.0,480600
2021-05-11,48100.0,51200.0,47300.0,51000.0,342311
2021-05-12,50300.0,50900.0,48700.0,49700.0,187113
2021-05-13,48800.0,50400.0,47950.0,48850.0,151204
2021-05-14,48900.0,49550.0,47450.0,48150.0,153215
2021-05-17,48150.0,48450.0,46400.0,46650.0,133732
2021-05-18,46650.0,47450.0,46050.0,46750.0,94618
2021-05-20,45900.0,48000.0,45650.0,47600.0,106971
2021-05-21,47200.0,47200.0,44600.0,45050.0,195487
2021-05-24,44400.0,45600.0,44000.0,45250.0,113009
2021-05-25,45400.0,45600.0,44600.0,45150.0,83639
2021-05-26,45200.0,45400.0,44050.0,44200.0,98970
2021-05-27,44250.0,45300.0,44250.0,44450.0,114495
2021-05-28,44950.0,45300.0,44700.0,44850.0,57791
2021-05-31,45050.0,45500.0,44700.0,44850.0,57737
2021-06-01,44850.0,45650.0,44800.0,45000.0,79305
2021-06-02,45050.0,45050.0,44550.0,44800.0,80104
2021-06-03,44800.0,44850.0,43900.0,44150.0,88420
2021-06-04,44000.0,44450.0,43800.0,44450.0,98754
2021-06-07,44400.0,44400.0,43450.0,44000.0,68094
2021-06-08,43550.0,44650.0,43550.0,44200.0,50584
2021-06-09,44200.0,44650.0,43800.0,44450.0,83449
2021-06-10,44550.0,44550.0,43800.0,43800.0,89777
2021-06-11,43800.0,44300.0,43500.0,43500.0,61943
2021-06-14,43600.0,43750.0,42650.0,42850.0,94439
2021-06-15,42900.0,43300.0,42750.0,43150.0,92425
2021-06-16,43000.0,43150.0,42700.0,43050.0,79256
2021-06-17,42750.0,42800.0,42100.0,42400.0,144910
2021-06-18,42200.0,42950.0,41950.0,42700.0,102673
2021-06-21,42600.0,42600.0,41100.0,41350.0,110197
2021-06-22,41700.0,42550.0,41350.0,42550.0,70689
2021-06-23,42550.0,42550.0,41650.0,41850.0,94264
2021-06-24,41650.0,41850.0,41000.0,41800.0,66553
2021-06-25,41550.0,42450.0,41400.0,41700.0,81150
2021-06-28,41900.0,43750.0,41750.0,43550.0,163924
2021-06-29,43700.0,43700.0,42750.0,42900.0,89752
2021-06-30,43100.0,43100.0,42350.0,42950.0,93701
2021-07-01,42800.0,42900.0,41850.0,41950.0,111790
2021-07-02,41950.0,42500.0,41700.0,41950.0,155594
2021-07-05,42050.0,42100.0,41350.0,41500.0,84663
2021-07-06,41400.0,41950.0,41300.0,41500.0,73011
2021-07-07,41150.0,41150.0,40250.0,40300.0,137357
2021-07-08,40300.0,40750.0,39900.0,40200.0,92850
2021-07-09,39600.0,39650.0,38100.0,38800.0,230780
2021-07-12,39550.0,40500.0,39050.0,40500.0,162024
2021-07-13,40700.0,41350.0,40700.0,40900.0,117654
2021-07-14,41000.0,41250.0,40350.0,40850.0,54365
2021-07-15,41100.0,41250.0,40650.0,41050.0,70754
2021-07-16,40500.0,41300.0,40500.0,40900.0,59845
2021-07-19,40300.0,40550.0,39350.0,39700.0,68311
2021-07-20,38950.0,39400.0,38550.0,38950.0,91428
2021-07-21,39100.0,39850.0,39000.0,39500.0,52525
2021-07-22,39500.0,39800.0,39350.0,39700.0,41915
2021-07-23,39650.0,39650.0,38700.0,39000.0,76118
2021-07-26,39000.0,39300.0,38800.0,38900.0,37895
2021-07-27,38750.0,39800.0,38750.0,39300.0,51458
2021-07-28,39550.0,39550.0,38600.0,39000.0,56199
2021-07-29,38950.0,39750.0,38750.0,39500.0,50707
2021-07-30,39500.0,39500.0,38600.0,39250.0,69674
2021-08-02,39650.0,39700.0,38600.0,39050.0,35753
2021-08-03,38500.0,38900.0,37650.0,38100.0,84762
2021-08-04,37750.0,39750.0,37750.0,39750.0,76098
2021-08-05,39300.0,39900.0,39200.0,39350.0,59567
2021-08-06,39750.0,40200.0,39450.0,39800.0,49237
2021-08-09,39350.0,39350.0,38650.0,38850.0,59388
2021-08-10,38850.0,39550.0,38150.0,38450.0,93803
2021-08-11,38500.0,39150.0,38250.0,38950.0,73560
2021-08-12,39350.0,40500.0,38750.0,40450.0,111108
2021-08-13,40550.0,40550.0,38450.0,39550.0,136100
2021-08-17,39550.0,39900.0,37550.0,37700.0,155982
2021-08-18,37900.0,38750.0,37250.0,38200.0,70084
2021-08-19,37900.0,38050.0,36200.0,36600.0,112450
2021-08-20,36700.0,37600.0,35100.0,35950.0,133819
2021-08-23,36100.0,37050.0,35850.0,36600.0,82106
2021-08-24,36700.0,38350.0,36700.0,37900.0,64294
2021-08-25,37700.0,39400.0,37650.0,39100.0,95198
2021-08-26,38750.0,39400.0,38300.0,38500.0,48706
2021-08-27,39200.0,40450.0,38800.0,39800.0,159752
2021-08-30,39900.0,40500.0,39000.0,39200.0,63235
2021-08-31,39300.0,40750.0,38700.0,40650.0,139120
2021-09-01,39950.0,41250.0,39850.0,40500.0,60611
2021-09-02,40050.0,42300.0,40000.0,41600.0,161800
2021-09-03,41600.0,42850.0,41300.0,41900.0,160228
2021-09-06,42350.0,42350.0,40500.0,40950.0,78795
2021-09-07,40950.0,41350.0,40450.0,40800.0,43435
2021-09-08,40500.0,42300.0,40450.0,41400.0,86949
2021-09-09,41300.0,41700.0,40350.0,40350.0,74293
2021-09-10,40700.0,40950.0,40200.0,40700.0,36716
2021-09-13,40400.0,40900.0,39700.0,40600.0,65858
2021-09-14,40000.0,41800.0,40000.0,41150.0,87349
2021-09-15,40950.0,41600.0,40450.0,40700.0,54680
2021-09-16,40550.0,40550.0,39500.0,40050.0,87846
2021-09-17,39850.0,40450.0,39700.0,40300.0,47789
2021-09-23,39750.0,40600.0,39500.0,40300.0,71330
2021-09-24,40650.0,42400.0,40650.0,41650.0,161885
2021-09-27,41650.0,41950.0,40500.0,40900.0,60891
2021-09-28,40700.0,41400.0,39850.0,39900.0,65307
2021-09-29,39000.0,39500.0,38550.0,39350.0,80937
2021-09-30,39400.0,39800.0,38900.0,39600.0,54261
2021-10-01,39300.0,40100.0,38900.0,39050.0,104957
2021-10-05,38850.0,40750.0,38750.0,40600.0,111854
2021-10-06,40600.0,41350.0,39350.0,39400.0,72298
2021-10-07,39500.0,40050.0,39100.0,39350.0,57611
2021-10-08,39300.0,40000.0,39050.0,39400.0,98627
2021-10-12,39400.0,39750.0,38750.0,39000.0,57945
2021-10-13,39300.0,40100.0,38900.0,40050.0,51391
2021-10-14,40350.0,42100.0,40000.0,42100.0,134698
2021-10-15,42500.0,43300.0,42050.0,43050.0,143859
2021-10-18,43700.0,43700.0,42000.0,42700.0,122800
2021-10-19,42650.0,43000.0,41900.0,42400.0,55934
2021-10-20,42600.0,42850.0,41900.0,42400.0,91701
2021-10-21,42500.0,44100.0,42200.0,43600.0,189869
2021-10-22,44150.0,44400.0,43250.0,43400.0,121220
2021-10-25,43200.0,44300.0,43150.0,43400.0,76567
2021-10-26,43800.0,44900.0,43600.0,43950.0,131804
2021-10-27,44050.0,44300.0,43150.0,43500.0,60919
2021-10-28,43600.0,44250.0,43200.0,43550.0,58604
2021-10-29,43200.0,43450.0,41850.0,42150.0,76539
2021-11-01,42450.0,43000.0,41950.0,42150.0,46283
2021-11-02,42500.0,43500.0,42450.0,42700.0,58741
2021-11-03,43050.0,44300.0,42600.0,42700.0,75299
2021-11-04,43050.0,43800.0,42450.0,42650.0,78076
2021-11-05,42850.0,43200.0,41800.0,43000.0,117697
2021-11-08,43400.0,43650.0,42450.0,43100.0,73639
2021-11-09,43300.0,43850.0,41550.0,42000.0,132158
2021-11-10,41750.0,42050.0,41100.0,41650.0,69442
2021-11-11,41200.0,41500.0,39100.0,39300.0,196429
2021-11-12,39400.0,40350.0,39400.0,40300.0,70646
2021-11-15,40400.0,40500.0,39750.0,39900.0,63839
2021-11-16,40000.0,40000.0,38900.0,39550.0,108668
2021-11-17,39100.0,39100.0,36900.0,37350.0,229015
2021-11-18,37350.0,38250.0,37250.0,37800.0,107570
2021-11-19,37250.0,38550.0,37150.0,38300.0,70447
2021-11-22,37700.0,38500.0,37700.0,38250.0,64070
2021-11-23,38000.0,38600.0,37800.0,38400.0,76980
2021-11-24,38250.0,38500.0,37450.0,37650.0,76078
2021-11-25,37500.0,38350.0,36850.0,37050.0,103881
2021-11-26,36950.0,37600.0,36800.0,37000.0,72577
2021-11-29,36500.0,36950.0,35500.0,36450.0,93603
2021-11-30,36450.0,37050.0,34800.0,35100.0,84941
2021-12-01,35200.0,35550.0,34150.0,34950.0,113744
2021-12-02,34300.0,36300.0,34100.0,35900.0,65449
2021-12-03,36050.0,36850.0,35550.0,36600.0,47051
2021-12-06,36650.0,36650.0,35400.0,36000.0,56064
2021-12-07,36150.0,37750.0,36100.0,37600.0,85554
2021-12-08,38150.0,38200.0,37000.0,37300.0,66134
2021-12-09,37300.0,38000.0,37250.0,37850.0,75031
2021-12-10,37850.0,37900.0,37450.0,37600.0,31546
2021-12-13,37450.0,37950.0,37400.0,37400.0,36180
2021-12-14,37200.0,37550.0,36750.0,36900.0,30668
2021-12-15,37200.0,37300.0,36250.0,36250.0,25214
2021-12-16,36300.0,36450.0,35800.0,36250.0,38136
2021-12-17,36300.0,36700.0,35900.0,36250.0,30728
2021-12-20,36000.0,36000.0,34950.0,35050.0,60058
2021-12-21,35050.0,35250.0,34400.0,34750.0,68735
2021-12-22,34850.0,36150.0,34850.0,35900.0,57456
2021-12-23,36000.0,36300.0,35100.0,35200.0,49291
2021-12-24,35200.0,35900.0,35200.0,35750.0,37157
2021-12-27,35750.0,35800.0,35450.0,35550.0,43787
2021-12-28,35850.0,36250.0,35250.0,36100.0,87026
2021-12-29,35750.0,36350.0,35350.0,36250.0,65113
2021-12-30,35800.0,36250.0,35300.0,35600.0,52741
2022-01-03,35700.0,36050.0,35500.0,35950.0,56807
2022-01-04,36000.0,36500.0,35600.0,36300.0,54678
2022-01-05,35900.0,36700.0,35800.0,36100.0,50858
2022-01-06,35800.0,36900.0,35800.0,36400.0,64536
2022-01-07,35900.0,36650.0,35900.0,36200.0,44020
2022-01-10,36000.0,36950.0,35800.0,36600.0,41065
2022-01-11,36250.0,37050.0,35750.0,35800.0,50499
2022-01-12,36100.0,36500.0,35800.0,36100.0,52324
2022-01-13,36100.0,37350.0,35800.0,36100.0,109850
2022-01-14,35950.0,36150.0,34700.0,35450.0,138835
2022-01-17,35600.0,36550.0,35250.0,36350.0,75542
2022-01-18,36650.0,36850.0,35450.0,35700.0,82975
2022-01-19,35300.0,36100.0,34950.0,35650.0,72832
2022-01-20,35900.0,36550.0,35500.0,36050.0,70948
2022-01-21,36000.0,36250.0,34950.0,35250.0,91978
2022-01-24,35850.0,35850.0,34500.0,34500.0,70234
2022-01-25,34450.0,34850.0,33300.0,33600.0,85968
2022-01-26,33350.0,33850.0,32850.0,32950.0,83313
2022-01-27,33100.0,33200.0,31350.0,31550.0,110627
2022-01-28,31550.0,33550.0,30550.0,33500.0,106727
2022-02-03,33600.0,35400.0,33600.0,34550.0,67582
2022-02-04,34550.0,35550.0,34150.0,35400.0,61344
2022-02-07,35500.0,38000.0,34800.0,37800.0,209891
2022-02-08,37700.0,38000.0,34950.0,35750.0,277495
2022-02-09,36100.0,36750.0,35200.0,36000.0,113969
2022-02-10,36150.0,37250.0,36100.0,36900.0,126897
2022-02-11,36700.0,37200.0,35250.0,36350.0,66088
2022-02-14,36000.0,36400.0,35150.0,35900.0,43542
2022-02-15,35900.0,36400.0,34800.0,34850.0,69964
2022-02-16,35200.0,36050.0,35200.0,35950.0,60450
2022-02-17,36300.0,37000.0,35500.0,35950.0,79260
2022-02-18,35850.0,36600.0,35700.0,36350.0,28335
2022-02-21,35550.0,36200.0,35350.0,35950.0,29623
2022-02-22,35800.0,35850.0,34350.0,34750.0,112673
2022-02-23,34950.0,36000.0,34850.0,36000.0,57635
2022-02-24,35750.0,35900.0,34750.0,35100.0,62517
2022-02-25,35300.0,35750.0,35050.0,35200.0,33808
2022-02-28,35200.0,35950.0,34850.0,35850.0,35442
2022-03-02,35850.0,36300.0,35500.0,35900.0,35691
2022-03-03,36250.0,36650.0,36050.0,36350.0,36082
2022-03-04,36350.0,36500.0,35550.0,35700.0,30282
2022-03-07,34650.0,35450.0,33350.0,33700.0,152348
2022-03-08,33500.0,33650.0,32950.0,33350.0,37478
2022-03-10,33950.0,34300.0,33650.0,34150.0,51191
2022-03-11,34200.0,35350.0,33900.0,35200.0,63022
2022-03-14,35000.0,35200.0,34400.0,34550.0,29846
2022-03-15,34150.0,35150.0,33950.0,34550.0,37858
2022-03-16,34600.0,35200.0,34350.0,35200.0,38580
2022-03-17,35900.0,35900.0,34400.0,34450.0,80766
2022-03-18,34500.0,35250.0,34250.0,35250.0,48996
2022-03-21,35350.0,35650.0,34900.0,35400.0,63633
2022-03-22,35150.0,35350.0,34750.0,35100.0,41394
2022-03-23,35100.0,35450.0,34650.0,34900.0,38347
2022-03-24,34500.0,35000.0,34500.0,34950.0,56096
2022-03-25,35000.0,35200.0,34550.0,34800.0,54726
2022-03-28,34650.0,35500.0,34500.0,35450.0,56346
2022-03-29,35600.0,35900.0,35100.0,35500.0,52862
2022-03-30,35750.0,36300.0,35300.0,35500.0,87034
2022-03-31,35250.0,35900.0,35250.0,35700.0,73433
2022-04-01,35350.0,35650.0,35100.0,35350.0,44998
2022-04-04,35350.0,36100.0,35200.0,35700.0,70853
2022-04-05,35850.0,36350.0,35550.0,36250.0,81891
2022-04-06,36200.0,36500.0,35800.0,36200.0,88913
2022-04-07,35900.0,36050.0,35050.0,35150.0,60501
2022-04-08,35300.0,35300.0,34300.0,34750.0,55182
2022-04-11,34450.0,35000.0,34300.0,34650.0,30848
2022-04-12,34600.0,36050.0,34350.0,35900.0,98640
2022-04-13,36200.0,36250.0,35700.0,36150.0,51101
2022-04-14,35950.0,37100.0,35850.0,37000.0,93209
2022-04-15,37000.0,37000.0,36000.0,36400.0,47827
2022-04-18,36250.0,37100.0,35800.0,37100.0,56721
2022-04-19,37300.0,37600.0,36700.0,37200.0,65914
2022-04-20,37000.0,37350.0,36550.0,37250.0,67116
2022-04-21,37500.0,37600.0,37050.0,37500.0,47496
2022-04-22,36900.0,37300.0,36650.0,37150.0,42890
2022-04-25,36550.0,36600.0,35600.0,35700.0,94247
2022-04-26,36000.0,36400.0,35850.0,36200.0,51341
2022-04-27,35100.0,35700.0,35000.0,35550.0,61726
2022-04-28,35550.0,35900.0,34950.0,35900.0,68980
2022-04-29,35900.0,36000.0,35300.0,35500.0,79363
2022-05-02,35450.0,36200.0,34850.0,35850.0,58292
2022-05-03,35750.0,36050.0,35100.0,35400.0,45855
2022-05-04,35700.0,35750.0,35200.0,35500.0,43909
2022-05-06,35250.0,35300.0,34500.0,34700.0,48325
2022-05-09,34700.0,37300.0,33150.0,36500.0,401774
2022-05-10,36300.0,37950.0,35550.0,37000.0,348845
2022-05-11,37100.0,39350.0,37100.0,39100.0,330141
2022-05-12,38900.0,39500.0,38250.0,38350.0,128740
2022-05-13,38400.0,39700.0,38150.0,39200.0,109043
2022-05-16,39150.0,39150.0,37700.0,37900.0,84564
2022-05-17,37850.0,38450.0,37850.0,38050.0,61125
2022-05-18,38150.0,38550.0,37450.0,37800.0,76725
2022-05-19,37400.0,37400.0,35600.0,36300.0,112535
2022-05-20,36300.0,38100.0,36300.0,37800.0,95892
2022-05-23,38200.0,38200.0,36900.0,37600.0,53441
2022-05-24,37600.0,37800.0,36950.0,37100.0,63672
2022-05-25,37300.0,37650.0,36900.0,37000.0,47294
2022-05-26,36900.0,37700.0,36700.0,37150.0,65228
2022-05-27,37600.0,38650.0,37600.0,38550.0,68187
2022-05-30,38300.0,39350.0,38300.0,38850.0,52922
2022-05-31,39000.0,39100.0,38050.0,38450.0,66434
2022-06-02,38300.0,38550.0,37900.0,38150.0,39012
2022-06-03,38500.0,39550.0,38200.0,38750.0,46854
2022-06-07,38800.0,39000.0,38100.0,38300.0,48720
2022-06-08,38350.0,38900.0,38050.0,38400.0,44112
2022-06-09,38400.0,38400.0,36600.0,37600.0,68120
2022-06-10,37000.0,38450.0,36900.0,37600.0,97247
2022-06-13,36900.0,37050.0,35550.0,35650.0,96480
2022-06-14,35400.0,35450.0,34200.0,35000.0,109451
2022-06-15,35150.0,35150.0,34000.0,34250.0,78995
2022-06-16,34450.0,35000.0,33300.0,33300.0,211342
2022-06-17,32850.0,34350.0,32300.0,33900.0,101630
2022-06-20,34200.0,34250.0,32300.0,32750.0,65512
2022-06-21,32950.0,33600.0,32050.0,33100.0,86366
2022-06-22,33900.0,33900.0,32100.0,32300.0,50432
2022-06-23,32800.0,33100.0,30650.0,30800.0,74691
2022-06-24,31400.0,32700.0,31100.0,32600.0,46112
2022-06-27,32600.0,32700.0,31950.0,32450.0,69500
2022-06-28,32350.0,32650.0,32050.0,32450.0,59099
2022-06-29,32050.0,32300.0,31800.0,32050.0,48982
2022-06-30,32050.0,32050.0,30600.0,30700.0,127399
2022-07-01,31100.0,31850.0,30850.0,31500.0,102730
2022-07-04,31700.0,31800.0,30450.0,30900.0,38125
2022-07-05,31600.0,31700.0,31100.0,31500.0,37136
2022-07-06,31050.0,31500.0,29700.0,29800.0,147858
2022-07-07,30000.0,30650.0,29750.0,30500.0,61913
2022-07-08,30500.0,31450.0,30500.0,30750.0,81139
2022-07-11,30850.0,30950.0,30150.0,30300.0,26830
2022-07-12,30500.0,30500.0,28200.0,28500.0,143764
2022-07-13,28750.0,29350.0,28650.0,29200.0,70492
2022-07-14,28750.0,29450.0,28500.0,28950.0,75943
2022-07-15,29300.0,29300.0,28150.0,28550.0,54818
2022-07-18,29200.0,29750.0,28850.0,29500.0,58144
2022-07-19,29150.0,30050.0,29150.0,29900.0,46879
2022-07-20,30200.0,30550.0,30000.0,30150.0,62854
2022-07-21,29950.0,30850.0,29950.0,30750.0,40022
2022-07-22,30850.0,31350.0,30400.0,30650.0,43567
2022-07-25,30300.0,31200.0,30300.0,30750.0,27310
2022-07-26,30550.0,30950.0,30550.0,30600.0,31598
2022-07-27,30600.0,30950.0,30000.0,30800.0,51262
2022-07-28,31050.0,31200.0,30100.0,30350.0,57077
2022-07-29,30750.0,31200.0,30550.0,31100.0,52004
2022-08-01,30900.0,31250.0,30750.0,30950.0,31876
2022-08-02,30900.0,30950.0,30250.0,30600.0,44375
2022-08-03,30750.0,30850.0,30450.0,30600.0,32394
2022-08-04,30700.0,31000.0,30350.0,30900.0,58958
2022-08-05,31050.0,31950.0,30850.0,31850.0,81109
2022-08-08,31700.0,31900.0,31200.0,31350.0,49281
2022-08-09,31350.0,31950.0,29000.0,29450.0,231418
2022-08-10,29100.0,29850.0,28400.0,29100.0,287769
2022-08-11,29400.0,29600.0,29050.0,29450.0,93041
2022-08-12,29400.0,29750.0,29150.0,29750.0,62351
2022-08-16,29950.0,29950.0,29250.0,29450.0,64082
2022-08-17,29600.0,29950.0,29150.0,29250.0,76518
2022-08-18,29000.0,29350.0,28900.0,29150.0,28332
2022-08-19,29150.0,29300.0,28850.0,29000.0,38171
2022-08-22,29000.0,29000.0,28400.0,28650.0,50439
2022-08-23,28450.0,28550.0,27650.0,27800.0,127617
2022-08-24,27850.0,28150.0,27200.0,27900.0,90155
2022-08-25,28150.0,28900.0,28000.0,28600.0,74674
2022-08-26,28750.0,28850.0,28300.0,28600.0,54769
2022-08-29,27600.0,27950.0,27400.0,27550.0,65773
2022-08-30,27750.0,28550.0,27450.0,28050.0,59648
2022-08-31,27900.0,28800.0,27750.0,28400.0,63302
2022-09-01,28250.0,28300.0,27350.0,27350.0,61845
2022-09-02,27550.0,27700.0,27300.0,27500.0,33284
2022-09-05,27500.0,27750.0,27100.0,27300.0,47073
2022-09-06,27200.0,27450.0,27050.0,27300.0,30132
2022-09-07,27100.0,27200.0,26650.0,26900.0,41389
2022-09-08,27200.0,27300.0,26850.0,27000.0,43921
2022-09-13,27500.0,27900.0,27500.0,27600.0,51170
2022-09-14,26600.0,27100.0,26600.0,26900.0,46191
2022-09-15,26900.0,27600.0,26750.0,27100.0,43322
2022-09-16,27100.0,27150.0,26500.0,26800.0,38015
2022-09-19,26850.0,27300.0,26650.0,26900.0,59432
2022-09-20,27200.0,27350.0,26950.0,27300.0,40257
2022-09-21,27200.0,27500.0,26950.0,27100.0,49117
2022-09-22,26900.0,27300.0,26650.0,27100.0,51213
2022-09-23,27100.0,27500.0,26500.0,26600.0,51174
2022-09-26,26600.0,26600.0,25000.0,25300.0,93782
2022-09-27,25400.0,25550.0,24850.0,25400.0,64651
2022-09-28,25000.0,25500.0,24350.0,24900.0,91621
2022-09-29,25100.0,26350.0,25100.0,25850.0,130950
2022-09-30,26200.0,26350.0,25350.0,25700.0,54084
2022-10-04,25900.0,26150.0,25500.0,25800.0,65755
2022-10-05,26150.0,26150.0,25050.0,25400.0,80239
2022-10-06,25400.0,26000.0,25400.0,25700.0,70060
2022-10-07,25400.0,25750.0,24900.0,25550.0,66144
2022-10-11,25300.0,25400.0,24300.0,24450.0,89545
2022-10-12,24200.0,24650.0,23750.0,24450.0,193339
2022-10-13,24600.0,25350.0,24350.0,24800.0,181636
2022-10-14,25050.0,26100.0,25000.0,25700.0,60313
2022-10-17,25450.0,25800.0,25050.0,25550.0,48656
2022-10-18,25850.0,26400.0,25650.0,26400.0,43166
2022-10-19,26150.0,26450.0,25700.0,25950.0,53543
2022-10-20,25700.0,25950.0,25000.0,25300.0,71768
2022-10-21,25100.0,25400.0,24700.0,25100.0,71810
2022-10-24,25200.0,26000.0,25200.0,25600.0,65386
2022-10-25,25600.0,25600.0,24850.0,25000.0,61796
2022-10-26,25000.0,25100.0,24450.0,24700.0,52203
2022-10-27,24900.0,25750.0,24900.0,25650.0,52428
2022-10-28,25650.0,25850.0,25100.0,25300.0,42825
2022-10-31,25450.0,25450.0,24900.0,25100.0,46436
2022-11-01,25100.0,25550.0,24550.0,25450.0,30617
2022-11-02,25150.0,25750.0,25000.0,25250.0,33581
2022-11-03,25000.0,25350.0,24750.0,25000.0,34980
2022-11-04,24900.0,25400.0,24600.0,25350.0,40721
2022-11-07,25200.0,25900.0,25100.0,25650.0,36474
2022-11-08,25800.0,26450.0,25600.0,26000.0,55953
2022-11-09,26350.0,26450.0,25650.0,25700.0,32811
2022-11-10,25600.0,26000.0,25450.0,25650.0,31012
2022-11-11,26350.0,26600.0,25750.0,25950.0,71406
2022-11-14,26000.0,26900.0,25950.0,26700.0,55653
2022-11-15,26950.0,26950.0,26300.0,26550.0,44122
2022-11-16,26800.0,26850.0,26250.0,26300.0,43809
2022-11-17,26450.0,26750.0,25750.0,25900.0,60610
2022-11-18,26150.0,26350.0,25750.0,26050.0,39753
2022-11-21,26200.0,26450.0,25750.0,26250.0,45909
2022-11-22,26400.0,26450.0,25750.0,25850.0,57216
2022-11-23,26000.0,26100.0,25750.0,25900.0,25322
2022-11-24,26050.0,26400.0,26000.0,26200.0,22659
2022-11-25,26350.0,26350.0,25950.0,26000.0,22985
2022-11-28,25900.0,25900.0,25400.0,25900.0,33522
2022-11-29,25700.0,25950.0,25600.0,25850.0,26373
2022-11-30,25900.0,26350.0,25750.0,25850.0,76604
2022-12-01,26200.0,26700.0,26200.0,26600.0,68523
2022-12-02,26600.0,26700.0,26200.0,26250.0,47166
2022-12-05,26200.0,26850.0,26200.0,26650.0,36491
2022-12-06,26800.0,26800.0,25850.0,25900.0,45661
2022-12-07,25650.0,26750.0,25650.0,26600.0,62853
2022-12-08,26450.0,26800.0,26050.0,26100.0,47458
2022-12-09,26350.0,27400.0,26100.0,27400.0,69023
2022-12-12,27100.0,27150.0,26550.0,26650.0,56661
2022-12-13,26650.0,27000.0,26350.0,26500.0,33834
2022-12-14,26700.0,26950.0,26400.0,26800.0,46120
2022-12-15,26950.0,27500.0,26800.0,26950.0,63333
2022-12-16,26700.0,27300.0,26400.0,26900.0,63522
2022-12-19,26900.0,27350.0,26500.0,26900.0,48751
2022-12-20,26900.0,27300.0,26550.0,26650.0,51674
2022-12-21,26800.0,27850.0,26800.0,27400.0,88401
2022-12-22,27450.0,28550.0,27450.0,28250.0,110384
2022-12-23,28150.0,28500.0,27700.0,27750.0,82372
2022-12-26,27800.0,28350.0,27700.0,28150.0,66648
2022-12-27,28150.0,28250.0,27900.0,28100.0,86039
2022-12-28,27850.0,28000.0,27400.0,27600.0,70710
2022-12-29,27350.0,27550.0,26550.0,27050.0,62521
2023-01-02,27250.0,27250.0,25800.0,26000.0,63533
2023-01-03,25700.0,26100.0,24850.0,25500.0,96207
2023-01-04,25750.0,26050.0,25200.0,25850.0,50361
2023-01-05,25750.0,26250.0,25550.0,25850.0,31523
2023-01-06,25300.0,26150.0,25300.0,25850.0,40864
2023-01-09,26250.0,27300.0,26050.0,27050.0,68181
2023-01-10,27100.0,27450.0,26950.0,27150.0,47257
2023-01-11,27150.0,27550.0,27050.0,27500.0,28683
2023-01-12,27300.0,27500.0,27000.0,27050.0,49536
2023-01-13,27350.0,27600.0,27200.0,27300.0,40022
2023-01-16,27200.0,27550.0,27050.0,27200.0,40694
2023-01-17,27100.0,27400.0,26600.0,26800.0,37276
2023-01-18,26950.0,27050.0,26550.0,26600.0,17647
2023-01-19,26400.0,27150.0,26400.0,27000.0,18766
2023-01-20,26800.0,27250.0,26450.0,27150.0,30661
2023-01-25,27050.0,27400.0,26800.0,27000.0,36207
2023-01-26,26900.0,27150.0,26850.0,27100.0,44195
2023-01-27,26900.0,27600.0,26900.0,27100.0,57279
2023-01-30,27100.0,27250.0,26800.0,26950.0,37926
2023-01-31,26900.0,27500.0,26750.0,27350.0,38454
2023-02-01,27200.0,27600.0,27000.0,27100.0,51119
2023-02-02,27800.0,27800.0,26800.0,27250.0,85736
2023-02-03,27150.0,28100.0,27100.0,27950.0,53896
2023-02-06,27950.0,27950.0,27300.0,27350.0,48474
2023-02-07,27200.0,27950.0,27200.0,27750.0,37648
2023-02-08,27850.0,28100.0,27550.0,27750.0,48814
2023-02-09,27450.0,27700.0,26450.0,26500.0,137875
2023-02-10,26450.0,26550.0,26050.0,26300.0,50373
2023-02-13,26100.0,26450.0,26050.0,26450.0,47133
2023-02-14,26600.0,26800.0,26400.0,26500.0,51121
2023-02-15,26550.0,26900.0,25950.0,26200.0,62594
2023-02-16,26300.0,26850.0,26300.0,26550.0,50121
2023-02-17,26500.0,26550.0,26100.0,26500.0,26685
2023-02-20,26450.0,26800.0,26150.0,26650.0,34225
2023-02-21,26700.0,26950.0,26300.0,26800.0,54539
2023-02-22,26450.0,26700.0,26250.0,26450.0,71498
2023-02-23,26350.0,26900.0,26350.0,26700.0,43463
2023-02-24,26550.0,26800.0,26400.0,26650.0,65034
2023-02-27,26300.0,26400.0,25700.0,25900.0,50809
2023-02-28,25850.0,26150.0,25450.0,25700.0,77404
2023-03-02,25700.0,25950.0,25400.0,25800.0,64530
2023-03-03,25700.0,26050.0,25550.0,26000.0,33607
2023-03-06,25950.0,26200.0,25800.0,25900.0,30949
2023-03-07,25750.0,25900.0,25600.0,25700.0,39374
2023-03-08,25500.0,25700.0,25250.0,25700.0,47410
2023-03-09,25750.0,26300.0,25600.0,26250.0,74343
2023-03-10,25900.0,26000.0,25550.0,25600.0,53600
2023-03-13,25550.0,25550.0,24550.0,25050.0,65008
2023-03-14,25250.0,25300.0,24300.0,24500.0,53586
2023-03-15,24600.0,24850.0,24300.0,24800.0,48008
2023-03-16,24450.0,24700.0,24000.0,24350.0,47576
2023-03-17,24450.0,24900.0,24300.0,24500.0,32697
2023-03-20,24900.0,24900.0,24450.0,24600.0,34214
2023-03-21,24650.0,25000.0,24600.0,25000.0,28950
2023-03-22,24950.0,24950.0,24350.0,24400.0,43090
2023-03-23,24400.0,24700.0,24100.0,24700.0,51100
2023-03-24,24550.0,24600.0,24250.0,24350.0,26804
2023-03-27,24350.0,24550.0,24100.0,24550.0,43922
2023-03-28,24550.0,25400.0,24500.0,25400.0,43664
2023-03-29,25450.0,25600.0,25000.0,25000.0,27376
2023-03-30,25000.0,25600.0,24850.0,25350.0,45844
2023-03-31,25350.0,26050.0,25100.0,26050.0,48552
2023-04-03,26050.0,26500.0,25650.0,25850.0,76355
2023-04-04,26150.0,26550.0,25500.0,26400.0,46658
2023-04-05,26600.0,26600.0,25900.0,26000.0,42761
2023-04-06,26000.0,26050.0,25350.0,25600.0,52841
2023-04-07,25350.0,25650.0,25200.0,25500.0,34281
2023-04-10,25250.0,25550.0,25150.0,25500.0,28994
2023-04-11,25300.0,25750.0,25150.0,25700.0,34379
2023-04-12,25650.0,25750.0,25450.0,25500.0,29410
2023-04-13,25350.0,25950.0,25300.0,25850.0,35575
2023-04-14,25700.0,26050.0,25550.0,25600.0,36572
2023-04-17,25500.0,25550.0,25100.0,25200.0,53633
2023-04-18,25050.0,25300.0,24750.0,25150.0,56660
2023-04-19,25050.0,25900.0,25050.0,25650.0,61985
2023-04-20,25700.0,25700.0,25000.0,25200.0,40889
2023-04-21,24900.0,25100.0,24800.0,24900.0,37357
2023-04-24,24800.0,25200.0,24700.0,25050.0,41325
2023-04-25,25150.0,25150.0,24650.0,24900.0,28077
2023-04-26,24750.0,25000.0,24500.0,24500.0,28414
2023-04-27,24400.0,24700.0,24250.0,24500.0,59937
2023-04-28,24500.0,25000.0,24450.0,24950.0,25532
2023-05-02,24750.0,25550.0,24700.0,25400.0,54927
2023-05-03,25050.0,25450.0,25000.0,25050.0,25382
2023-05-04,24900.0,25250.0,24750.0,25100.0,47885
2023-05-08,24850.0,25500.0,24850.0,25400.0,32730
2023-05-09,25800.0,25800.0,25450.0,25650.0,50325
2023-05-10,25700.0,26250.0,25650.0,26100.0,81838
2023-05-11,26200.0,26900.0,26050.0,26650.0,86231
2023-05-12,26450.0,26650.0,25900.0,26050.0,53284
2023-05-15,25800.0,26050.0,25400.0,25900.0,48251
2023-05-16,25700.0,25950.0,25250.0,25350.0,32996
2023-05-17,25200.0,25400.0,24850.0,24950.0,50740
2023-05-18,24950.0,25550.0,24800.0,25550.0,43042
2023-05-19,25400.0,25650.0,25150.0,25350.0,43879
2023-05-22,25400.0,25700.0,25200.0,25400.0,38018
2023-05-23,25550.0,25550.0,25100.0,25300.0,27613
2023-05-24,25100.0,25200.0,24900.0,24900.0,36086
2023-05-25,25050.0,25100.0,24450.0,24600.0,84563
2023-05-26,24750.0,24750.0,24300.0,24500.0,46631
2023-05-30,24850.0,24850.0,24200.0,24250.0,38561
2023-05-31,24100.0,24250.0,23000.0,23100.0,175713
2023-06-01,23200.0,23500.0,23050.0,23300.0,78219
2023-06-02,23300.0,23800.0,23150.0,23600.0,36465
2023-06-05,23800.0,24400.0,23700.0,24250.0,76701
2023-06-07,24350.0,24500.0,24050.0,24050.0,44808
2023-06-08,24100.0,24650.0,23950.0,24650.0,79475
2023-06-09,24650.0,24650.0,24050.0,24350.0,89377
2023-06-12,24400.0,24400.0,24000.0,24200.0,40162
2023-06-13,24300.0,24450.0,23650.0,24000.0,61511
2023-06-14,23900.0,24100.0,23600.0,23750.0,53960
2023-06-15,23800.0,24000.0,23350.0,23500.0,50769
2023-06-16,23600.0,24000.0,23550.0,24000.0,50706
2023-06-19,24000.0,24000.0,23750.0,24000.0,32013
2023-06-20,24000.0,24100.0,23800.0,23900.0,25127
2023-06-21,23950.0,23950.0,23200.0,23300.0,67283
2023-06-22,23350.0,23700.0,23150.0,23700.0,50613
2023-06-23,23550.0,23550.0,22750.0,22850.0,75858
2023-06-26,22850.0,23150.0,22550.0,23000.0,31065
2023-06-27,23100.0,23150.0,22550.0,22900.0,74994
2023-06-28,22850.0,23950.0,22850.0,23700.0,87304
2023-06-29,23700.0,23800.0,23000.0,23050.0,32373
2023-06-30,23150.0,23250.0,22800.0,23250.0,47460
2023-07-03,23250.0,23600.0,22950.0,23250.0,59413
2023-07-04,23050.0,23250.0,22400.0,22500.0,104514
2023-07-05,22600.0,22650.0,22000.0,22100.0,117683
2023-07-06,22200.0,22300.0,21700.0,22150.0,92749
2023-07-07,22050.0,22100.0,21450.0,21750.0,141123
2023-07-10,21800.0,22050.0,21550.0,21800.0,79401
2023-07-11,21850.0,22050.0,21550.0,22000.0,67683
2023-07-12,22250.0,22250.0,21850.0,22200.0,55605
2023-07-13,22350.0,22750.0,22200.0,22350.0,75243
2023-07-14,22550.0,22550.0,22150.0,22500.0,30006
2023-07-17,22500.0,22550.0,21900.0,21950.0,38457
2023-07-18,22100.0,22200.0,21600.0,21700.0,48609
2023-07-19,21700.0,21750.0,21300.0,21300.0,62346
2023-07-20,21250.0,21400.0,21050.0,21150.0,57957
2023-07-21,21150.0,21400.0,21000.0,21200.0,43417
2023-07-24,21250.0,21400.0,20500.0,20550.0,76659
2023-07-25,20450.0,20550.0,20150.0,20500.0,72069
2023-07-26,20250.0,20400.0,19800.0,20100.0,140667
2023-07-27,20100.0,21250.0,20100.0,21200.0,103965
2023-07-28,20950.0,21050.0,20600.0,20700.0,40182
2023-07-31,20750.0,21150.0,20750.0,20750.0,60811
2023-08-01,20750.0,21950.0,20750.0,21650.0,119940
2023-08-02,21600.0,21650.0,21150.0,21200.0,44616
2023-08-03,21150.0,21400.0,20900.0,21250.0,47522
2023-08-04,21200.0,21850.0,21100.0,21750.0,47714
2023-08-07,21550.0,22200.0,21450.0,21850.0,85232
2023-08-08,21300.0,21300.0,19340.0,19340.0,532516
2023-08-09,19350.0,19500.0,19190.0,19340.0,120439
2023-08-10,19410.0,20150.0,19310.0,19790.0,203941
2023-08-11,19800.0,19960.0,19450.0,19680.0,98052
2023-08-14,19690.0,20400.0,19680.0,20350.0,141837
2023-08-16,20300.0,20300.0,19300.0,19430.0,154366
2023-08-17,19430.0,19430.0,18800.0,19190.0,84440
2023-08-18,19000.0,19190.0,18880.0,19000.0,61938
2023-08-21,19130.0,19130.0,18800.0,18810.0,65088
2023-08-22,18810.0,18810.0,18320.0,18400.0,106943
2023-08-23,18350.0,18350.0,18010.0,18280.0,190727
2023-08-24,18280.0,18450.0,18030.0,18060.0,108118
2023-08-25,18000.0,18340.0,17900.0,18180.0,121590
2023-08-28,18290.0,18700.0,18280.0,18590.0,124558
2023-08-29,18600.0,18820.0,18480.0,18610.0,71441
2023-08-30,18650.0,19100.0,18640.0,18840.0,73769
2023-08-31,18810.0,18980.0,18670.0,18980.0,55134
2023-09-01,18800.0,19370.0,18650.0,19250.0,98758
2023-09-04,19260.0,19740.0,19030.0,19700.0,101165
2023-09-05,19510.0,19780.0,19160.0,19300.0,83512
2023-09-06,19130.0,19420.0,19090.0,19120.0,55175
2023-09-07,19050.0,19280.0,18930.0,19240.0,61889
2023-09-08,19350.0,19630.0,19090.0,19500.0,63317
2023-09-11,19630.0,19630.0,19360.0,19460.0,48264
2023-09-12,19670.0,19850.0,19300.0,19340.0,86148
2023-09-13,19340.0,19760.0,19340.0,19450.0,101869
2023-09-14,19450.0,19790.0,19170.0,19440.0,86012
2023-09-15,19480.0,19690.0,19430.0,19610.0,79715
2023-09-18,19610.0,19900.0,19490.0,19730.0,85989
2023-09-19,19740.0,19850.0,19440.0,19730.0,62516
2023-09-20,19600.0,19850.0,19600.0,19730.0,45959
2023-09-21,19640.0,19730.0,19090.0,19100.0,77273
2023-09-22,19000.0,19170.0,18730.0,19100.0,45275
2023-09-25,19040.0,19450.0,19010.0,19070.0,35242
2023-09-26,18820.0,19050.0,18580.0,18680.0,49376
2023-09-27,18560.0,18770.0,18450.0,18620.0,52594
2023-10-04,18590.0,18590.0,17980.0,17990.0,134250
2023-10-05,18010.0,18680.0,18000.0,18310.0,83068
2023-10-06,18320.0,18320.0,17920.0,18090.0,56745
2023-10-10,18290.0,18490.0,17650.0,17910.0,84103
2023-10-11,17920.0,18270.0,17920.0,18260.0,84143
2023-10-12,18360.0,18800.0,18240.0,18760.0,62343
2023-10-13,18550.0,18780.0,18410.0,18600.0,47209
2023-10-16,18570.0,18850.0,18160.0,18410.0,70550
2023-10-17,18680.0,18860.0,18490.0,18810.0,64372
2023-10-18,18940.0,19090.0,18800.0,18900.0,82847
2023-10-19,18720.0,18850.0,18440.0,18690.0,48664
2023-10-20,18690.0,18840.0,18080.0,18440.0,65427
2023-10-23,18410.0,18600.0,18310.0,18420.0,44534
2023-10-24,18540.0,18540.0,17860.0,18340.0,49999
2023-10-25,18410.0,19170.0,18370.0,19000.0,98124
2023-10-26,18960.0,19090.0,18580.0,18760.0,51881
2023-10-27,18970.0,18970.0,18180.0,18310.0,86643
2023-10-30,18010.0,18910.0,18010.0,18750.0,103372
2023-10-31,18930.0,19220.0,18420.0,18670.0,98028
2023-11-01,18670.0,18910.0,18520.0,18870.0,81534
2023-11-02,18940.0,19120.0,18870.0,18910.0,52276
2023-11-03,18920.0,19250.0,18910.0,19200.0,47883
2023-11-06,19310.0,20100.0,19310.0,20050.0,215525
2023-11-07,20150.0,20150.0,19450.0,19770.0,125942
2023-11-08,19960.0,19990.0,19680.0,19800.0,63145
2023-11-09,19810.0,20200.0,19800.0,19830.0,82427
2023-11-10,19740.0,19860.0,19440.0,19690.0,82169
2023-11-13,19720.0,19950.0,19520.0,19820.0,54406
2023-11-14,19940.0,19960.0,19420.0,19450.0,43105
2023-11-15,19510.0,19720.0,19410.0,19580.0,69347
2023-11-16,19540.0,19580.0,19330.0,19350.0,46136
2023-11-17,19340.0,19440.0,18830.0,18890.0,51214
2023-11-20,18920.0,19190.0,18840.0,19030.0,29222
2023-11-21,19160.0,19220.0,19000.0,19100.0,29289
2023-11-22,19000.0,19120.0,18900.0,19100.0,43759
2023-11-23,19180.0,19180.0,18970.0,19140.0,30134
2023-11-24,19120.0,19200.0,19010.0,19090.0,55939
2023-11-27,19180.0,19570.0,19050.0,19570.0,57965
2023-11-28,19740.0,19780.0,19470.0,19540.0,39190
2023-11-29,19540.0,19540.0,19140.0,19150.0,54602
2023-11-30,19150.0,19260.0,18780.0,18990.0,95650
2023-12-01,19000.0,19370.0,18830.0,19300.0,48875
2023-12-04,19350.0,19720.0,19200.0,19670.0,81026
2023-12-05,19610.0,19770.0,19410.0,19600.0,85124
2023-12-06,19550.0,19770.0,19470.0,19700.0,49249
2023-12-07,19700.0,19840.0,19510.0,19790.0,48613
2023-12-08,19810.0,19850.0,19360.0,19530.0,72232
2023-12-11,19530.0,19730.0,19420.0,19630.0,58194
2023-12-12,19730.0,19800.0,19580.0,19630.0,54966
2023-12-13,19630.0,19710.0,19320.0,19380.0,68515
2023-12-14,19420.0,19570.0,18940.0,19330.0,370742
2023-12-15,19480.0,19480.0,19010.0,19370.0,127313
2023-12-18,19300.0,19450.0,19250.0,19450.0,55851
2023-12-19,19250.0,19400.0,19180.0,19210.0,62479
2023-12-20,19210.0,19410.0,19210.0,19330.0,47570
2023-12-21,19330.0,19360.0,19050.0,19180.0,59429
2023-12-22,19160.0,19510.0,19150.0,19460.0,55517
2023-12-26,19260.0,19850.0,19250.0,19820.0,76980
2023-12-27,19660.0,19660.0,18960.0,19030.0,105606
2023-12-28,19020.0,19160.0,18950.0,19120.0,51441
2024-01-02,19220.0,19570.0,19160.0,19480.0,80596
2024-01-03,19480.0,20450.0,19440.0,20200.0,170664
2024-01-04,20200.0,20350.0,20000.0,20100.0,68223
2024-01-05,20100.0,20400.0,20000.0,20100.0,81134
2024-01-08,20150.0,20650.0,20150.0,20400.0,115259
2024-01-09,20500.0,20800.0,20350.0,20750.0,115456
2024-01-10,20800.0,20800.0,20150.0,20200.0,75298
2024-01-11,20200.0,20300.0,19920.0,19970.0,62679
2024-01-12,20000.0,20050.0,19730.0,19930.0,61336
2024-01-15,19930.0,19930.0,19400.0,19400.0,72242
2024-01-16,19420.0,19430.0,18790.0,18870.0,78818
2024-01-17,18790.0,18820.0,17870.0,18460.0,161772
2024-01-18,18300.0,18650.0,18300.0,18500.0,41617
2024-01-19,18540.0,18760.0,18500.0,18500.0,45061
2024-01-22,18610.0,18610.0,18110.0,18250.0,71841
2024-01-23,18160.0,18270.0,18000.0,18080.0,66916
2024-01-24,18120.0,18120.0,17660.0,17680.0,111872
2024-01-25,17650.0,17690.0,17170.0,17340.0,152974
2024-01-26,17320.0,17730.0,17240.0,17560.0,48749
2024-01-29,17640.0,18040.0,17450.0,17980.0,71732
2024-01-30,18050.0,18630.0,18040.0,18450.0,100615
2024-01-31,18570.0,18750.0,18260.0,18620.0,69643
2024-02-01,18600.0,19400.0,18600.0,19300.0,120105
2024-02-02,19320.0,19960.0,19110.0,19870.0,162332
2024-02-05,19880.0,20400.0,19310.0,20300.0,204047
2024-02-06,20400.0,20400.0,19750.0,19980.0,103968
2024-02-07,20100.0,21650.0,20050.0,21550.0,282915
2024-02-08,21550.0,21650.0,20750.0,20950.0,140411
2024-02-13,21100.0,21450.0,20850.0,21350.0,84352
2024-02-14,21000.0,21550.0,20900.0,21050.0,57914
2024-02-15,21050.0,21050.0,20350.0,20400.0,83633
2024-02-16,20550.0,20550.0,20000.0,20250.0,57918
2024-02-19,20250.0,20600.0,20200.0,20500.0,51264
2024-02-20,20650.0,20650.0,20000.0,20150.0,28850
2024-02-21,19980.0,20150.0,19960.0,20100.0,33088
2024-02-22,19990.0,20250.0,19830.0,20000.0,62659
2024-02-23,19910.0,20300.0,19790.0,20250.0,79113
2024-02-26,20250.0,20250.0,19480.0,19690.0,107377
2024-02-27,19690.0,19740.0,19320.0,19420.0,70866
2024-02-28,19420.0,19480.0,19070.0,19370.0,83172
2024-02-29,19350.0,19510.0,19120.0,19120.0,57952
2024-03-04,19110.0,19200.0,18810.0,18970.0,71832
2024-03-05,18830.0,19220.0,18830.0,19170.0,60047
2024-03-06,19170.0,19170.0,18910.0,18980.0,33495
2024-03-07,19020.0,19130.0,18910.0,19070.0,28722
2024-03-08,19070.0,19320.0,18910.0,19140.0,73741
2024-03-11,19140.0,19420.0,19030.0,19190.0,37745
2024-03-12,19350.0,19700.0,19300.0,19530.0,59226
2024-03-13,19550.0,19550.0,19370.0,19410.0,21032
2024-03-14,19450.0,19810.0,19330.0,19730.0,31902
2024-03-15,19750.0,19850.0,19560.0,19850.0,32355
2024-03-18,19810.0,19810.0,19540.0,19580.0,74329
2024-03-19,19510.0,19950.0,19410.0,19790.0,71602
2024-03-20,19760.0,19980.0,19680.0,19860.0,59060
2024-03-21,19870.0,20050.0,19660.0,19880.0,61585
2024-03-22,19900.0,20150.0,19750.0,20150.0,65078
2024-03-25,20150.0,20150.0,19780.0,19960.0,44235
2024-03-26,19940.0,20200.0,19860.0,20000.0,29507
2024-03-27,20000.0,20100.0,19960.0,20000.0,23770
2024-03-28,20000.0,20100.0,19950.0,20000.0,21557
2024-03-29,20000.0,20350.0,19910.0,20200.0,47091
2024-04-01,20050.0,20800.0,20000.0,20450.0,48547
2024-04-02,20450.0,20450.0,19850.0,19990.0,42608
2024-04-03,19990.0,20100.0,19570.0,19830.0,47964
2024-04-04,19820.0,19860.0,19180.0,19200.0,77904
2024-04-05,19160.0,19320.0,19050.0,19130.0,38181
2024-04-08,19080.0,19150.0,18880.0,18890.0,38454
2024-04-09,18840.0,19450.0,18840.0,19240.0,54568
2024-04-11,19230.0,19390.0,18920.0,19320.0,36801
2024-04-12,19320.0,19510.0,19030.0,19180.0,51515
2024-04-15,18900.0,19060.0,18560.0,18630.0,41880
2024-04-16,18380.0,18710.0,18370.0,18630.0,35151
2024-04-17,18480.0,18970.0,18480.0,18750.0,40819
2024-04-18,18780.0,18900.0,18600.0,18780.0,23166
2024-04-19,18690.0,18770.0,18490.0,18690.0,17747
2024-04-22,18660.0,19150.0,18660.0,19100.0,24870
2024-04-23,19100.0,19100.0,18910.0,18990.0,12294
2024-04-24,19050.0,19160.0,18940.0,19160.0,18403
2024-04-25,19160.0,19470.0,19050.0,19390.0,29517
2024-04-26,19310.0,19420.0,19170.0,19400.0,16960
2024-04-29,19360.0,19520.0,19270.0,19510.0,14686
2024-04-30,19510.0,19680.0,19460.0,19620.0,28198
2024-05-02,19600.0,19850.0,19310.0,19590.0,43573
2024-05-03,19670.0,19740.0,19490.0,19650.0,25680
2024-05-07,19700.0,19790.0,19590.0,19710.0,19166
2024-05-08,19390.0,19510.0,19140.0,19170.0,60914
2024-05-09,19220.0,19250.0,18850.0,18850.0,54703
2024-05-10,18950.0,19000.0,18800.0,18830.0,23334
2024-05-13,18830.0,18850.0,18620.0,18700.0,27344
2024-05-14,18700.0,19050.0,18700.0,18860.0,23612
2024-05-16,19050.0,19090.0,18840.0,18860.0,19895
2024-05-17,18860.0,19020.0,18820.0,18860.0,32392
2024-05-20,18860.0,18860.0,18700.0,18830.0,19894
2024-05-21,18870.0,18880.0,18650.0,18680.0,15883
2024-05-22,18650.0,18800.0,18640.0,18780.0,7844
2024-05-23,18780.0,18790.0,18680.0,18770.0,14577
2024-05-24,18740.0,18760.0,18560.0,18630.0,26997
2024-05-27,18630.0,18640.0,18370.0,18530.0,28374
2024-05-28,18530.0,18580.0,18370.0,18460.0,27478
2024-05-29,18470.0,18470.0,18170.0,18210.0,47709
2024-05-30,18240.0,18430.0,18100.0,18200.0,48256
2024-05-31,18280.0,18610.0,17930.0,17930.0,237960
2024-06-03,17970.0,18190.0,17950.0,18180.0,31257
2024-06-04,18170.0,18180.0,18000.0,18040.0,53101
2024-06-05,18040.0,18040.0,17730.0,17850.0,75842
2024-06-07,17890.0,18100.0,17870.0,18100.0,16836
2024-06-10,18100.0,18250.0,17920.0,17980.0,41966
2024-06-11,18080.0,18100.0,17870.0,17880.0,33037
2024-06-12,17880.0,18010.0,17870.0,17920.0,16566
2024-06-13,17980.0,18020.0,17850.0,17880.0,27955
2024-06-14,17990.0,17990.0,17760.0,17770.0,37359
2024-06-17,17820.0,17820.0,17630.0,17730.0,25644
2024-06-18,17750.0,17850.0,17670.0,17830.0,21410
2024-06-19,17830.0,17840.0,17610.0,17790.0,28232
2024-06-20,17820.0,17950.0,17780.0,17900.0,18161
2024-06-21,17900.0,17910.0,17750.0,17750.0,13692
2024-06-24,17750.0,17810.0,17600.0,17700.0,16301
2024-06-25,17620.0,17690.0,17590.0,17590.0,45323
2024-06-26,17560.0,17640.0,17450.0,17610.0,28222
2024-06-27,17610.0,17610.0,17450.0,17570.0,13045
2024-06-28,17640.0,17690.0,17580.0,17690.0,21287
2024-07-01,17630.0,17730.0,17600.0,17640.0,16783
2024-07-02,17700.0,17940.0,17620.0,17850.0,32636
2024-07-03,17900.0,17990.0,17520.0,17680.0,27042
2024-07-04,17680.0,17700.0,17520.0,17680.0,23055
2024-07-05,17760.0,18200.0,17760.0,17950.0,48691
2024-07-08,18000.0,18000.0,17700.0,17750.0,16850
2024-07-09,17770.0,17790.0,17420.0,17420.0,54592
2024-07-10,17440.0,17440.0,17290.0,17290.0,27413
2024-07-11,17330.0,17490.0,17230.0,17330.0,25295
2024-07-12,17300.0,17610.0,17290.0,17590.0,26126
2024-07-15,17590.0,17660.0,17430.0,17630.0,22830
2024-07-16,17540.0,17660.0,17380.0,17500.0,41618
2024-07-17,17500.0,17820.0,17420.0,17650.0,43792
2024-07-18,17710.0,17710.0,17430.0,17620.0,23227
2024-07-19,17600.0,17600.0,17260.0,17380.0,32056
2024-07-22,17420.0,17580.0,17170.0,17260.0,51502
2024-07-23,17260.0,17310.0,17010.0,17070.0,35184
2024-07-24,17120.0,17130.0,16970.0,16980.0,21974
2024-07-25,16940.0,16980.0,16750.0,16920.0,21487
2024-07-26,16930.0,17380.0,16880.0,17320.0,33879
2024-07-29,17360.0,17380.0,17150.0,17300.0,12810
2024-07-30,17300.0,17320.0,16990.0,16990.0,21795
2024-07-31,16940.0,17470.0,16610.0,17460.0,47190
2024-08-01,17460.0,17730.0,17440.0,17730.0,47840
2024-08-02,17560.0,17560.0,17150.0,17190.0,31626
2024-08-05,17100.0,17180.0,15640.0,16290.0,102686
2024-08-06,16300.0,16620.0,16190.0,16520.0,50897
2024-08-07,16270.0,16560.0,16270.0,16360.0,45386
2024-08-08,16240.0,16430.0,16010.0,16100.0,52872
2024-08-09,16150.0,16280.0,16100.0,16110.0,19190
2024-08-12,16110.0,16510.0,16110.0,16500.0,25204
2024-08-13,16510.0,16610.0,16350.0,16490.0,15820
2024-08-14,16490.0,16540.0,16300.0,16470.0,17341
2024-08-16,16530.0,16540.0,16350.0,16400.0,21087
2024-08-19,16340.0,16490.0,16310.0,16320.0,23834
2024-08-20,16430.0,16440.0,16280.0,16440.0,11186
2024-08-21,16430.0,16580.0,16370.0,16490.0,27636
2024-08-22,16460.0,16550.0,16360.0,16430.0,12330
2024-08-23,16330.0,16840.0,16300.0,16790.0,21377
2024-08-26,16790.0,16810.0,16510.0,16700.0,18322
2024-08-27,16700.0,16900.0,16570.0,16860.0,26138
2024-08-28,16860.0,16870.0,16540.0,16630.0,15650
2024-08-29,16630.0,16630.0,16480.0,16550.0,5198
2024-08-30,16500.0,16620.0,16420.0,16430.0,12886
2024-09-02,16440.0,16450.0,16130.0,16290.0,28719
2024-09-03,16300.0,16540.0,16270.0,16470.0,15105
2024-09-04,16270.0,16410.0,16040.0,16070.0,31944
2024-09-05,16090.0,16290.0,16060.0,16210.0,29127
2024-09-06,16220.0,16250.0,15820.0,15940.0,29816
2024-09-09,15800.0,15950.0,15660.0,15930.0,15889
2024-09-10,15900.0,16240.0,15840.0,16030.0,30807
2024-09-11,16050.0,16050.0,15690.0,15790.0,27218
2024-09-12,15840.0,15880.0,15750.0,15860.0,11339
2024-09-13,15870.0,16010.0,15760.0,15880.0,37974
2024-09-19,15880.0,15910.0,15800.0,15870.0,26301
2024-09-20,15890.0,16060.0,15840.0,15990.0,17338
2024-09-23,15960.0,16250.0,15840.0,16210.0,26337
2024-09-24,16230.0,16240.0,16050.0,16140.0,17083
2024-09-25,16200.0,16420.0,16180.0,16240.0,24918
2024-09-26,16320.0,16420.0,16260.0,16380.0,19854
2024-09-27,16450.0,16910.0,16380.0,16620.0,42258
2024-09-30,16620.0,16740.0,16500.0,16570.0,20080
2024-10-02,16560.0,16560.0,16320.0,16470.0,16134
2024-10-04,16500.0,16500.0,16130.0,16200.0,35465
2024-10-07,16410.0,17160.0,16410.0,17160.0,108144
2024-10-08,17150.0,17150.0,16920.0,17030.0,29814
2024-10-10,17070.0,17070.0,16730.0,16790.0,23093
2024-10-11,16790.0,16910.0,15850.0,16460.0,52506
2024-10-14,16460.0,16480.0,16340.0,16460.0,36626
2024-10-15,16360.0,16360.0,16110.0,16200.0,77148
2024-10-16,16190.0,16670.0,15980.0,16670.0,174857
2024-10-17,16670.0,16670.0,16300.0,16320.0,42316
2024-10-18,16250.0,16480.0,16200.0,16410.0,33520
2024-10-21,16450.0,16450.0,16200.0,16350.0,32351
2024-10-22,16260.0,16260.0,15840.0,16000.0,84774
2024-10-23,16010.0,16020.0,15860.0,15900.0,28012
2024-10-24,15900.0,15940.0,15800.0,15860.0,10624
2024-10-25,15800.0,15880.0,15700.0,15700.0,24024
2024-10-28,15700.0,15770.0,15620.0,15660.0,27418
2024-10-29,15570.0,15740.0,15500.0,15620.0,19709
2024-10-30,15620.0,15710.0,15600.0,15650.0,11860
2024-10-31,15650.0,15680.0,15520.0,15580.0,13578
2024-11-01,15500.0,15590.0,15500.0,15560.0,10004
2024-11-04,15560.0,15640.0,15550.0,15580.0,11852
2024-11-05,15580.0,15640.0,15570.0,15600.0,5418
2024-11-06,15640.0,15700.0,15530.0,15550.0,17023
2024-11-07,15560.0,15940.0,15450.0,15520.0,40047
2024-11-08,15520.0,15620.0,15460.0,15500.0,21319
2024-11-11,15540.0,15550.0,15100.0,15160.0,32615
2024-11-12,15190.0,15190.0,14800.0,14810.0,39803
2024-11-13,14810.0,14900.0,14490.0,14490.0,30786
2024-11-14,14520.0,14560.0,14270.0,14370.0,29061
2024-11-15,14450.0,14690.0,14290.0,14580.0,41228
2024-11-18,14590.0,14910.0,14590.0,14700.0,40501
2024-11-19,14730.0,14790.0,14660.0,14770.0,8556
2024-11-20,14780.0,14830.0,14650.0,14740.0,15792
2024-11-21,14770.0,14800.0,14640.0,14660.0,14267
2024-11-22,14660.0,14710.0,14650.0,14710.0,13230
2024-11-25,14750.0,14780.0,14650.0,14730.0,17891
2024-11-26,14750.0,14850.0,14690.0,14820.0,12877
2024-11-27,14930.0,15120.0,14880.0,15090.0,19230
2024-11-28,15090.0,15150.0,15010.0,15130.0,16048
2024-11-29,15130.0,15130.0,14800.0,14980.0,16354
2024-12-02,14980.0,14980.0,14580.0,14690.0,28812
2024-12-03,14810.0,15030.0,14740.0,14840.0,30110
2024-12-04,14540.0,15150.0,14540.0,15120.0,67852
2024-12-05,15010.0,15680.0,15010.0,15590.0,77625
2024-12-06,15590.0,15970.0,15410.0,15750.0,67475
2024-12-09,15750.0,15770.0,15270.0,15430.0,58857
2024-12-10,15310.0,15890.0,15310.0,15800.0,38473
2024-12-11,15810.0,16020.0,15720.0,15960.0,45863
2024-12-12,15980.0,15980.0,15750.0,15980.0,37408
2024-12-13,15870.0,15900.0,15520.0,15750.0,36981
2024-12-16,15790.0,15850.0,15500.0,15500.0,44889
2024-12-17,15480.0,15600.0,15360.0,15490.0,27740
2024-12-18,15500.0,15550.0,15290.0,15550.0,21779
2024-12-19,15480.0,15550.0,15160.0,15190.0,40225
2024-12-20,15200.0,15390.0,14950.0,14950.0,54274
2024-12-23,15000.0,15180.0,14930.0,15170.0,20151
2024-12-24,15190.0,15200.0,15040.0,15190.0,33496
2024-12-26,15200.0,15500.0,15180.0,15390.0,61974
2024-12-27,15290.0,15290.0,14750.0,14830.0,36374
2024-12-30,14850.0,14860.0,14560.0,14710.0,33955
2025-01-02,14780.0,14790.0,14600.0,14690.0,12758
2025-01-03,14690.0,14960.0,14510.0,14690.0,41824
2025-01-06,14760.0,14770.0,14530.0,14620.0,32633
2025-01-07,14630.0,14920.0,14630.0,14830.0,29298
2025-01-08,14800.0,14950.0,14640.0,14840.0,28511
2025-01-09,14850.0,14870.0,14720.0,14760.0,16121
2025-01-10,14760.0,14890.0,14710.0,14850.0,43925
2025-01-13,14830.0,14890.0,14570.0,14630.0,34396
2025-01-14,14560.0,14650.0,14460.0,14510.0,31700
2025-01-15,14550.0,14640.0,14330.0,14450.0,26880
2025-01-16,14460.0,14470.0,14310.0,14410.0,26948
2025-01-17,14440.0,14620.0,14400.0,14550.0,22917
2025-01-20,14600.0,14600.0,14450.0,14550.0,8326
2025-01-21,14580.0,14620.0,14480.0,14540.0,14015
2025-01-22,14550.0,14590.0,14460.0,14490.0,14323
2025-01-23,14540.0,14540.0,14360.0,14400.0,17275
2025-01-24,14410.0,14500.0,14310.0,14470.0,24346
2025-01-31,14470.0,15040.0,14430.0,14740.0,47030
2025-02-03,14740.0,14740.0,14570.0,14630.0,27936
2025-02-04,14660.0,15210.0,14660.0,14890.0,37126
2025-02-05,14960.0,15250.0,14940.0,15100.0,26741
2025-02-06,15130.0,15600.0,15130.0,15420.0,51614
2025-02-07,15380.0,15680.0,15380.0,15570.0,26318
2025-02-10,15660.0,15660.0,15260.0,15350.0,22197
2025-02-11,15290.0,15400.0,15040.0,15310.0,25779
2025-02-12,15310.0,15400.0,15090.0,15160.0,15038
2025-02-13,15110.0,15240.0,15010.0,15200.0,28808
2025-02-14,15200.0,15450.0,15200.0,15310.0,12637
2025-02-17,15320.0,15980.0,15320.0,15940.0,64337
2025-02-18,16000.0,16000.0,15690.0,15770.0,19127
2025-02-19,15770.0,15910.0,15710.0,15910.0,29339
2025-02-20,15950.0,16480.0,15920.0,16450.0,70122
2025-02-21,16420.0,16630.0,16300.0,16540.0,42366
2025-02-24,16540.0,16660.0,16460.0,16590.0,37621
2025-02-25,16310.0,16600.0,16190.0,16190.0,48348
2025-02-26,16070.0,16310.0,16040.0,16310.0,59951
2025-02-27,16310.0,16450.0,16170.0,16280.0,40865
2025-02-28,16150.0,16330.0,15660.0,15990.0,89183
2025-03-04,15990.0,15990.0,15600.0,15600.0,27094
2025-03-05,15610.0,16220.0,15580.0,16190.0,58351
2025-03-06,16180.0,16410.0,16120.0,16260.0,36984
2025-03-07,16330.0,16350.0,15920.0,16210.0,37434
2025-03-10,16290.0,16290.0,16090.0,16190.0,29546
2025-03-11,16020.0,16100.0,15790.0,15920.0,36619
2025-03-12,15950.0,16030.0,15710.0,15880.0,39694
2025-03-13,16000.0,16000.0,15670.0,15720.0,30070
2025-03-14,15710.0,15900.0,15630.0,15820.0,28018
2025-03-17,15820.0,15980.0,15750.0,15840.0,24649
2025-03-18,15840.0,15960.0,15680.0,15690.0,30392
2025-03-19,15690.0,15820.0,15650.0,15780.0,29432
2025-03-20,15790.0,15850.0,15770.0,15770.0,23922
2025-03-21,15770.0,15820.0,15700.0,15800.0,47647
2025-03-24,15730.0,15810.0,15370.0,15510.0,36034
2025-03-25,15530.0,15580.0,15350.0,15530.0,31381
2025-03-26,15530.0,15670.0,15450.0,15550.0,19499
2025-03-27,15550.0,15690.0,15510.0,15560.0,18617
2025-03-28,15550.0,15590.0,15410.0,15590.0,17902
2025-03-31,15570.0,15570.0,15210.0,15310.0,21092
2025-04-01,15310.0,15630.0,15310.0,15630.0,23688
2025-04-02,15220.0,15450.0,14880.0,14930.0,51461
2025-04-03,14810.0,14930.0,14590.0,14830.0,22481
2025-04-04,14820.0,14880.0,14530.0,14740.0,30263
2025-04-07,14710.0,14710.0,14130.0,14360.0,48797
2025-04-08,14500.0,14500.0,14270.0,14410.0,31172
2025-04-09,14330.0,14400.0,13650.0,14030.0,92004
2025-04-10,14210.0,14510.0,14010.0,14470.0,47132
2025-04-11,14450.0,14510.0,14280.0,14480.0,15557
2025-04-14,14370.0,14520.0,14230.0,14470.0,21792
2025-04-15,14470.0,14760.0,14420.0,14670.0,41730
2025-04-16,14670.0,14670.0,14350.0,14450.0,18476
2025-04-17,14350.0,14880.0,14320.0,14840.0,29384
2025-04-18,14840.0,14960.0,14820.0,14950.0,12489
2025-04-21,14980.0,15490.0,14980.0,15300.0,47795
2025-04-22,15260.0,15350.0,15080.0,15220.0,23224
2025-04-23,15230.0,15440.0,15130.0,15410.0,42321
2025-04-24,15410.0,15460.0,15330.0,15360.0,28320
2025-04-25,15380.0,15550.0,15360.0,15500.0,36268
2025-04-28,15510.0,15560.0,15310.0,15420.0,19188
2025-04-29,15390.0,15510.0,15360.0,15490.0,19242
2025-04-30,15500.0,15580.0,15380.0,15470.0,29704
2025-05-02,15470.0,15470.0,15150.0,15220.0,38365
2025-05-07,15240.0,15440.0,15100.0,15240.0,28969
2025-05-08,15110.0,15280.0,15040.0,15190.0,27134
2025-05-09,15330.0,15850.0,15190.0,15200.0,106746
2025-05-12,15350.0,15730.0,15350.0,15700.0,92309
2025-05-13,15550.0,16000.0,15550.0,15900.0,75607
2025-05-14,15900.0,15940.0,15750.0,15830.0,41502
2025-05-15,15830.0,15830.0,15350.0,15370.0,57742
2025-05-16,15450.0,15450.0,15320.0,15440.0,22510
2025-05-19,15440.0,15440.0,14970.0,15130.0,62951
2025-05-20,15180.0,15260.0,15050.0,15180.0,37338
2025-05-21,15190.0,15440.0,15120.0,15250.0,55696
2025-05-22,15250.0,16030.0,15170.0,15800.0,152047
2025-05-23,15800.0,16070.0,15640.0,15870.0,69819
2025-05-26,15850.0,15860.0,15550.0,15650.0,58239
2025-05-27,15580.0,15810.0,15400.0,15580.0,74319
2025-05-28,15580.0,15690.0,15500.0,15590.0,77801
2025-05-29,15540.0,16180.0,15530.0,16100.0,172645
2025-05-30,16100.0,16430.0,16060.0,16110.0,132533
2025-06-02,16120.0,16370.0,15880.0,16030.0,80522
2025-06-04,16100.0,16820.0,16000.0,16780.0,244291
2025-06-05,16770.0,16810.0,16470.0,16640.0,80003
2025-06-09,16740.0,17080.0,16680.0,16790.0,105221
2025-06-10,16790.0,17090.0,16640.0,16800.0,73940
2025-06-11,16800.0,17210.0,16750.0,16980.0,72970
2025-06-12,16980.0,17460.0,16910.0,17110.0,180195
2025-06-13,17110.0,17140.0,16510.0,16600.0,118381
2025-06-16,16600.0,16850.0,16400.0,16840.0,52805
2025-06-17,16850.0,16910.0,16570.0,16770.0,66045
2025-06-18,16770.0,17380.0,16590.0,17010.0,88460
2025-06-19,16980.0,17250.0,16910.0,17250.0,72988
2025-06-20,17260.0,18160.0,17170.0,17210.0,290437
2025-06-23,17120.0,17570.0,17040.0,17200.0,134947
2025-06-24,17450.0,17480.0,17200.0,17390.0,74305
2025-06-25,17400.0,17420.0,17200.0,17310.0,41751
2025-06-26,17250.0,17310.0,16610.0,16840.0,74078
2025-06-27,16860.0,17030.0,16610.0,16840.0,51022
2025-06-30,16840.0,17030.0,16800.0,16840.0,51743
2025-07-01,16800.0,17430.0,16800.0,17180.0,122472
2025-07-02,17190.0,17250.0,16920.0,17240.0,38809
2025-07-03,17300.0,17360.0,17070.0,17130.0,73251
2025-07-04,17140.0,17210.0,16770.0,16850.0,70394
2025-07-07,16850.0,17140.0,16810.0,16920.0,47248
2025-07-08,16930.0,17080.0,16860.0,16990.0,33218
2025-07-09,16990.0,17330.0,16880.0,17190.0,91429
2025-07-10,17290.0,17470.0,17070.0,17360.0,60863
2025-07-11,17360.0,17870.0,17280.0,17800.0,118276
2025-07-14,17800.0,18150.0,17640.0,17980.0,137089
2025-07-15,17980.0,17980.0,17580.0,17840.0,78289
2025-07-16,17900.0,18040.0,17590.0,17600.0,119736
2025-07-17,17600.0,17620.0,17400.0,17530.0,36465
2025-07-18,17600.0,17630.0,17240.0,17440.0,50641
2025-07-21,17440.0,17510.0,17270.0,17450.0,31796
2025-07-22,17310.0,17530.0,16950.0,17050.0,56184
2025-07-23,17050.0,17120.0,16780.0,16960.0,38706
2025-07-24,16960.0,17050.0,16520.0,16610.0,84474
2025-07-25,16690.0,16790.0,16570.0,16730.0,40342
2025-07-28,16750.0,16750.0,16130.0,16170.0,89198
2025-07-29,16180.0,16200.0,16020.0,16200.0,52520
2025-07-30,16200.0,16360.0,16170.0,16270.0,22750
2025-07-31,16270.0,16420.0,16160.0,16320.0,26781
2025-08-01,16320.0,16320.0,15690.0,15720.0,81926
2025-08-04,15750.0,15920.0,15560.0,15730.0,52456
2025-08-05,15730.0,15870.0,15430.0,15500.0,72014
2025-08-06,15450.0,15700.0,15320.0,15620.0,46427
2025-08-07,15630.0,15640.0,15440.0,15520.0,58252
2025-08-08,15530.0,15750.0,15480.0,15520.0,52561
2025-08-11,15560.0,15560.0,15370.0,15430.0,50822
2025-08-12,15460.0,15500.0,15300.0,15330.0,34930
2025-08-13,15380.0,15400.0,15120.0,15180.0,47744
2025-08-14,15210.0,15230.0,15060.0,15090.0,38725
2025-08-18,15090.0,15090.0,14770.0,14840.0,65570
2025-08-19,14930.0,14930.0,14670.0,14740.0,46811
2025-08-20,14660.0,14750.0,14510.0,14740.0,49207
2025-08-21,14740.0,14950.0,14740.0,14800.0,27196
2025-08-22,14800.0,14980.0,14660.0,14740.0,57980
2025-08-25,14760.0,14880.0,14730.0,14790.0,31090
2025-08-26,14800.0,15250.0,14760.0,15000.0,37927
2025-08-27,15040.0,15060.0,14790.0,14900.0,37281
2025-08-28,14930.0,15130.0,14850.0,15120.0,34120
2025-08-29,15130.0,15180.0,15020.0,15060.0,34864
2025-09-01,15050.0,15070.0,14890.0,14930.0,27693
2025-09-02,14930.0,15010.0,14800.0,14880.0,25793
2025-09-03,14830.0,15050.0,14800.0,15020.0,24067
2025-09-04,15020.0,15310.0,15000.0,15300.0,35263
2025-09-05,15250.0,15370.0,15250.0,15310.0,27573
2025-09-08,15310.0,15380.0,15160.0,15220.0,37245
2025-09-09,15190.0,15400.0,15190.0,15390.0,23421
2025-09-10,15390.0,15450.0,15310.0,15390.0,31437
2025-09-11,15400.0,15440.0,15240.0,15250.0,31040
2025-09-12,15280.0,15340.0,15240.0,15310.0,23577
2025-09-15,15270.0,15440.0,15260.0,15390.0,27347
2025-09-16,15390.0,15560.0,15340.0,15450.0,24241
2025-09-17,15450.0,15650.0,15380.0,15640.0,58398
2025-09-18,15640.0,15790.0,15570.0,15720.0,50443
2025-09-19,15680.0,15720.0,15550.0,15590.0,76313
2025-09-22,15600.0,15600.0,15450.0,15510.0,25596
2025-09-23,15520.0,15660.0,15410.0,15500.0,30871
2025-09-24,15500.0,15500.0,15190.0,15270.0,37116
2025-09-25,15390.0,15530.0,15190.0,15490.0,46753
2025-09-26,15570.0,15570.0,15100.0,15200.0,44756
2025-09-29,15300.0,15350.0,15190.0,15250.0,18664
2025-09-30,15100.0,15260.0,15100.0,15160.0,29260
2025-10-01,15160.0,15260.0,15100.0,15170.0,22482
2025-10-02,15170.0,15310.0,15140.0,15190.0,46442
2025-10-10,15370.0,15380.0,15160.0,15370.0,45734
2025-10-13,15220.0,15350.0,15060.0,15300.0,52623
2025-10-14,15370.0,15420.0,14920.0,15060.0,138037
2025-10-15,15060.0,15570.0,15060.0,15370.0,253026
2025-10-16,15370.0,15510.0,15170.0,15350.0,85934
2025-10-17,15350.0,15350.0,14970.0,15040.0,54899
2025-10-20,15030.0,15130.0,14810.0,15130.0,99465
2025-10-21,15070.0,15160.0,14910.0,15050.0,85105
2025-10-22,15050.0,15110.0,14850.0,15100.0,74899
2025-10-23,15090.0,15140.0,14960.0,14980.0,42149
2025-10-24,15000.0,15020.0,14840.0,14950.0,75642
2025-10-27,14960.0,15050.0,14800.0,14980.0,64225
2025-10-28,14980.0,15030.0,14830.0,14940.0,65689
2025-10-29,14980.0,14980.0,14700.0,14720.0,102529
2025-10-30,14790.0,14820.0,14660.0,14750.0,71641
2025-10-31,14760.0,14850.0,14530.0,14670.0,97451
2025-11-03,14670.0,14680.0,14300.0,14350.0,146678
2025-11-04,14390.0,14610.0,14290.0,14550.0,111588
2025-11-05,14550.0,14600.0,14180.0,14550.0,105104
2025-11-06,14550.0,15280.0,14550.0,15090.0,179771
2025-11-07,14960.0,15200.0,14810.0,14990.0,104327
2025-11-10,15000.0,15400.0,14990.0,15360.0,131310
2025-11-11,15350.0,15660.0,15240.0,15400.0,115743
2025-11-12,15380.0,15800.0,15360.0,15780.0,132540
2025-11-13,15780.0,16060.0,15690.0,15940.0,135557
2025-11-14,15890.0,16220.0,15700.0,15930.0,144601
2025-11-17,15940.0,16160.0,15700.0,15920.0,149445
2025-11-18,15920.0,15920.0,15520.0,15610.0,144938
2025-11-19,15610.0,15680.0,15400.0,15550.0,65502
2025-11-20,15590.0,16030.0,15450.0,15910.0,77143
2025-11-21,15730.0,16160.0,15580.0,16140.0,157279
2025-11-24,16140.0,16170.0,15650.0,15650.0,93485
2025-11-25,15650.0,15800.0,15550.0,15690.0,68384
2025-11-26,15700.0,15800.0,15620.0,15680.0,36976
2025-11-27,15680.0,15830.0,15490.0,15590.0,35265
2025-11-28,15590.0,15650.0,15470.0,15570.0,42574
2025-12-01,15570.0,15740.0,15560.0,15600.0,64691
2025-12-02,15720.0,16370.0,15560.0,16180.0,246929
2025-12-03,16190.0,16660.0,16060.0,16540.0,180801
2025-12-04,16500.0,16540.0,16220.0,16300.0,52194
2025-12-05,16300.0,16300.0,15910.0,15930.0,58284
2025-12-08,15970.0,15990.0,15580.0,15710.0,76490
2025-12-09,15710.0,15710.0,15560.0,15690.0,26000
2025-12-10,15660.0,15660.0,15490.0,15660.0,28716
2025-12-11,15660.0,15800.0,15570.0,15690.0,44562
2025-12-12,15700.0,15990.0,15500.0,15850.0,29287
